Peak Method: Poly Fit
File Time(Hrs) PeakHeight_E1_30Hz PeakHeight_E1_100Hz Norm_E1_30Hz Norm_E1_100Hz NormalizedRatio_E1 KDM_E1
1 0.0 0.9121491066616727 1.502775126878987 1.0 1.0 1.0 1.0
2 0.0 0.8963056871070876 1.4858145883335965 0.9826306692196743 0.9887138546266634 1.0061907139656243 1.006171610627573
3 0.0 0.8901145653580897 1.4579786397880525 0.975843268230316 0.9701908247683275 0.9942076318544072 0.9941908073632167
4 0.001 0.8755007788895455 1.4614391309587518 0.9598219989424157 0.9724935586297044 1.0132019892243052 1.0131154144442227
5 0.001 0.8704310101184092 1.433203423883242 0.9542639506648805 0.9537045152322731 0.9994137518951464 0.99941358000134
6 0.001 0.8638133079675754 1.41859138180007 0.9470088844673663 0.9439811429047587 0.9968028372148688 0.9967977181066203
7 0.001 0.8577601678553037 1.405568072848837 0.9403727544004026 0.9353149700900141 0.9946215112180559 0.9946070081449591
8 0.001 0.8541699587894982 1.3869757571592345 0.9364367651640099 0.9229429821877285 0.9855902891916914 0.9854857158732635
9 0.001 0.8485149505431764 1.3860511760722147 0.9302371118342837 0.922327733059311 0.9914974594387268 0.9914611585156935
10 0.0 0.8458611049718456 1.3959502324141795 0.92732766912152 0.9289149171062838 1.001711636606581 1.001710173009218
11 0.0 0.8440508436360687 1.3938127002911642 0.9253430579186409 0.9274925272325211 1.0023228891117582 1.0023201943346796
12 0.0 0.8356683185629663 1.3632757423474686 0.9161531951956687 0.9071721496873352 0.9901970046544285 0.9901487186216787
13 0.0 0.830176883682725 1.358453913780977 0.9101328693080086 0.9039635335209859 0.9932214998545066 0.9931984476928547
14 0.0 0.8367808036127826 1.3718317573875538 0.9173728258916718 0.9128656263007355 0.9950868398717224 0.9950747405776147
15 0.0 0.8274480932432198 1.3562590287838248 0.9071412636378653 0.9025029790056136 0.9948869213449171 0.9948738160540591
16 0.0 0.8223851477196149 1.3409943299047882 0.9015906957683922 0.892345305641177 0.9897454685694868 0.9896926198928493
17 0.0 0.819775369403942 1.3609618123664404 0.8987295645162614 0.9056323784070947 1.007680635158084 1.007651251920831
18 0.0 0.812204616573581 1.327840858073614 0.8904296574341082 0.8835925178182299 0.9923215275246106 0.99229193443999
19 0.0 0.8135663142020348 1.3177874400062137 0.8919225028675016 0.8769026159908823 0.9831600987436342 0.9830171035943753
20 0.0 0.8093927929530764 1.3105001781441388 0.8873470214922768 0.8720534128521469 0.9827647940775073 0.9826149768505331
21 0.0 0.808577027029969 1.3050042870163452 0.8864526875317986 0.8683962514914797 0.9796306827264583 0.9794210935895498
22 0.0 0.8035223106198828 1.316609866640647 0.8809111413381223 0.8761190168052793 0.9945600364123404 0.9945451994541668
23 0.0 0.8006031770128175 1.3039656613618718 0.8777108601716485 0.8677051130530691 0.9886001785182166 0.9885348280615384
24 0.0 0.7994804021145683 1.3161010492258356 0.8764799485914592 0.8757804316066621 0.9992019018964196 0.9992015832889881
25 0.0 0.7963861010794062 1.296903107460821 0.8730876292737473 0.8630054385810019 0.9884522579925545 0.9883851956102748
26 0.0 0.7948281474818941 1.325957253400702 0.8713796260688612 0.8823391002980557 1.0125771522552542 1.0124985541460216
27 0.0 0.7925509658489318 1.297411943312909 0.8688831245469812 0.8633440360484386 0.9936250476709043 0.9936046626856506
28 0.0 0.7870353629550664 1.272560667086509 0.8628363029762715 0.8468071132701038 0.9814226758298458 0.9812484994779079
29 0.0 0.7909420089490595 1.641364117982448 0.8671192058103168 1.0922220421569575 1.2595984898480985 1.2297739983580445
30 0.0 0.7129520213250089 2.210819698724663 0.7816178474748554 1.471158032350566 1.8821960592422284 1.6121693605216925
31 0.0 0.7111319616724359 2.5385741800419055 0.7796224942598156 1.689257517399892 2.1667634397897877 1.7368807061049298
32 0.001 0.713051105474733 2.702938042959431 0.781726474615967 1.7986310756772919 2.300844520535002 1.788188908894237
33 0.001 0.7214122845352904 2.800023728515953 0.7908929354495011 1.8632353426897172 2.3558629230020296 1.8080562014071333
34 0.001 0.7320533781239646 2.9101575311506167 0.8025588939106336 1.9365222907265758 2.412934808173979 1.8279881612681264
35 0.001 0.7294968744231483 2.9521227942605037 0.7997561682573983 1.9644474688582114 2.4563079933957597 1.8426957297662372
36 0.001 0.7376610007449926 2.919615805352805 0.8087065978113162 1.942816162665907 2.4023745668997205 1.8243504877698278
37 0.001 0.7454219259889214 2.8654780724900775 0.8172149931901512 1.906790990373388 2.3332794995963955 1.7999806195417059
38 0.001 0.745058585447623 2.8330331777397078 0.8168166585991893 1.8852010038411033 2.3079854995540297 1.7908048567506525
39 0.001 0.7497455797201837 2.7802367996191606 0.8219550666054356 1.850068416685368 2.2508145418774568 1.7695391575030106
40 0.001 0.7545452730969373 2.7496583964384627 0.8272170279905864 1.8297204600059118 2.2118989311070294 1.7546308007203266
41 0.001 0.7580160750758296 2.7281195043760817 0.8310221098062063 1.815387715420823 2.1845239663288503 1.7439252954936186
42 0.001 0.7593324143235805 2.69870121681015 0.8324652283031025 1.7958117409188836 2.15722132272055 1.733063161833319
43 0.001 0.75446789367561 2.6530310237722006 0.8271321960034012 1.7654211706857983 2.1343881657806234 1.7238338749266573
44 0.001 0.7547778121233932 2.6288909651630092 0.8274719633128463 1.749357517397015 2.1140988395465756 1.7155192541729296
45 0.001 0.7518689126973186 2.5947593864402734 0.8242829020016746 1.726645151380137 2.0947239681754666 1.7074776163774468
46 0.001 0.7543158629705431 2.5813924205722287 0.8269655229189717 1.7177502970343603 2.0771728076052693 1.7001055026503704
47 0.001 0.7553083539937688 2.505644899123581 0.8280536027251978 1.667345203089292 2.013571582324998 1.6726713168319822
48 0.001 0.7490546182980324 2.5238452697522007 0.8211975573154466 1.679456376812548 2.045130750635463 1.686427504249112
49 0.001 0.7458688939051399 2.5243287201446947 0.8177050094747194 1.6797780818926007 2.054259252944608 1.6903534805882625
50 0.001 0.747109301002638 2.5448310145002324 0.8190648826450585 1.693421037507735 2.06750536299281 1.6960087997703117
51 0.001 0.751870551815955 2.4778068987943698 0.8242846989870846 1.6488208079011535 2.0003050037533066 1.666802210109939
52 0.001 0.7442682122709812 2.4359942995361052 0.8159501630110563 1.6209972177242902 1.9866375315649338 1.6607012207791798
53 0.001 0.7442441507955664 2.4326765629230067 0.8159237841271226 1.6187894778211225 1.9839959433869276 1.6595156039455348
54 0.001 0.7416212417883798 2.401316193281673 0.8130482575404816 1.5979211728562512 1.9653460394713298 1.6510849166483346
55 0.001 0.7441677961905953 2.3748422547942027 0.8158400756583937 1.5803044729162863 1.9370272680475518 1.638078698309437
56 0.001 0.738325732134399 2.35401850460039 0.8094353508019748 1.5664476091571287 1.9352349852339892 1.63724709601704
57 0.001 0.7382442772286595 2.33396229572827 0.8093460508123738 1.5531014946830533 1.9189585136347322 1.629648218254689
58 0.001 0.7359481553066871 2.312240563420346 0.8068287848246057 1.5386470816977678 1.9070304761526944 1.6240254332339183
59 0.001 0.7318559921986889 2.297312333699665 0.8023424973545945 1.5287133068743286 1.9053126463008667 1.6232118580790529
60 0.001 0.7341561079047096 2.301621577440528 0.8048641417756901 1.5315808308729542 1.902906032680227 1.622070451137946
61 0.001 0.7347681712690246 2.2696033703832654 0.8055351541790844 1.5102747775023748 1.8748713444312508 1.6086333888477578
62 0.001 0.7308979249064578 2.2363042512588436 0.8012921566973116 1.4881163596999865 1.8571457954032151 1.6000014397460949
63 0.001 0.7302532821086061 2.228094470992801 0.8005854270703857 1.4826532800154744 1.8519613646241437 1.5974564558916615
64 0.001 0.7275353346813063 2.187030620742007 0.7976057087245035 1.4553279340496568 1.8246207595190789 1.5838806903475984
65 0.001 0.7244964010428703 2.1990035728522344 0.7942740893475378 1.4632951620773744 1.8423050452009693 1.5926915174872884
66 0.001 0.7224552601601317 2.18404993043805 0.7920363621296613 1.45334447674414 1.8349466593128692 1.5890387084145297
67 0.001 0.7221744530033902 2.146881362685235 0.7917285098775563 1.4286111902477048 1.8044205462155767 1.5736803970439466
68 0.001 0.7232512391492492 2.1399345864047064 0.7929090034372109 1.4239885583207603 1.7959041354655565 1.5693357832764374
69 0.001 0.7296034161154239 2.1244100673648063 0.7998729711918062 1.4136579913834821 1.7673531201799952 1.5545755000215402
70 0.001 0.7188057801613468 2.1107856720045675 0.7880353934589344 1.4045918343007957 1.782396889733089 1.5623905724018712
71 0.001 0.7164283130782678 2.0890475834457902 0.785428947795922 1.3901265372846523 1.7698947068167508 1.555901785668624
72 0.001 0.7157594207747024 2.1021984885737766 0.7846956331451919 1.39887761713204 1.782700907261461 1.5625476350828809
73 0.001 0.7138805911126838 2.052157324666041 0.7826358496642927 1.3655784474740602 1.7448452534595975 1.5427229476931685
74 0.001 0.7123888932183036 2.0690855843713507 0.7810004833809889 1.3768431133595456 1.7629222294448845 1.552257476750019
75 0.001 0.7110206695197121 2.0512165468971943 0.7795004833386724 1.3649524204976886 1.751060390176375 1.546015196800695
76 0.001 0.7213522124620795 1.990359199931845 0.7908270777155273 1.3244557780680657 1.674772924940859 1.5045459512835309
77 0.001 0.7106873858847393 1.983792051760247 0.7791351004944217 1.320085764182331 1.6942963593151354 1.5153823237853605
78 0.001 0.7071191462355273 1.9818433918408118 0.7752231965927984 1.3187890565881069 1.7011733683722927 1.5191620623705577
79 0.001 0.705494842909502 1.9772900606621988 0.7734424533851775 1.3157591081299702 1.701172598389446 1.5191616402502488
80 0.001 0.7037606227650031 1.9545782297645928 0.7715412070518384 1.3006458483405468 1.6857762572533068 1.510672663369686
81 0.001 0.7042835481715883 1.9294244239426916 0.7721144964436344 1.2839076116130455 1.6628461420252234 1.4978478715417607
82 0.001 0.7059507574149393 1.9343233264808077 0.7739422779227532 1.2871675155404483 1.6631311562345221 1.4980086351977815
83 0.001 0.7020142058936472 1.9024440008070087 0.7696265893006381 1.2659538787802984 1.6448936359263189 1.4876518489564579
84 0.001 0.699269524513511 1.9103105779504403 0.7666175622017888 1.2711885789045738 1.658178264601212 1.4952100266307413
85 0.001 0.6951816953842354 1.891116311569931 0.7621360261246046 1.2584160316104405 1.6511698548215552 1.4912320903447993
86 0.001 0.6911075277384953 1.8654087114118738 0.7576694672955872 1.2413092804417225 1.6383255945002393 1.483886898441095
87 0.001 0.6932080751867034 1.8541678172332468 0.7599723226433227 1.2338291897897216 1.6235185848587723 1.4753300307894233
88 0.001 0.6980925155585282 1.8491155870142393 0.765327193175073 1.2304672561719487 1.607766282375481 1.4661202090716896
89 0.001 0.6973890432491316 1.8177406687027542 0.764555968049423 1.2095892700046866 1.582080737778631 1.450861763741281
90 0.001 0.6928539553264272 1.7903315562289208 0.7595840967954982 1.1913502720444544 1.5684244536852119 1.4426250130656002
91 0.001 0.6908639047542238 1.8330575579748256 0.7574023804975053 1.2197816727122575 1.6104803788853093 1.4677149721738096
92 0.001 0.6878416320105316 1.7811028338619508 0.7540890266591693 1.1852091520579022 1.571709851433217 1.4446145828734158
93 0.001 0.6890658997945138 1.7832963547552936 0.7554312061066315 1.1866687988500997 1.570849587967111 1.4440941163100156
94 0.001 0.6891770856491348 1.768586671212688 0.7555531004918904 1.1768804524238747 1.5576409542329799 1.4360588246837898
95 0.001 0.6890509735239903 1.7622800110984826 0.7554148422573281 1.1726837765530786 1.552370579652458 1.4328294520051013
96 0.001 0.6840717695959029 1.7258100095787086 0.7499560813028714 1.1484153408653546 1.5313101253479462 1.4197906214868983
97 0.001 0.6825718713043898 1.722546973192948 0.7483117248258887 1.1462440004383025 1.531773407272219 1.4200797794500588
98 0.001 0.6866549535116064 1.739438888937002 0.752788056795516 1.1574844817597734 1.5375967661960228 1.4237054313415647
99 0.001 0.6822607445283211 1.6869957360613625 0.7479706328116593 1.1225869432407833 1.500843608018302 1.4005397270045017
100 0.0 0.6797863572937786 1.7036454432818573 0.7452579324247693 1.1336662503990496 1.5211730074587142 1.41343692473056
101 0.0 0.6776400526050566 1.6798317573557142 0.7429049128657444 1.1178197770976182 1.504660633869879 1.402977255317933
102 0.0 0.677406440161576 1.672958842551452 0.7426488007435328 1.113246295223097 1.4990211983221755 1.3993733215686324
103 0.0 0.6754407846237882 1.66551373420225 0.7404938290142047 1.108292055419658 1.4966931687939806 1.3978808249264418
104 0.0 0.6747656487605127 1.632873929964262 0.7397536694741198 1.0865723691843825 1.4688299822247737 1.3797993264828143
105 0.0 0.6766359628818464 1.6220619747327873 0.7418041172656862 1.0793777097585713 1.4550710688115243 1.3707192631550333
106 0.0 0.6736325578458491 1.6365365971869323 0.7385114483214723 1.0890096381790304 1.4746008889289244 1.383577724434056
107 0.0 0.6706447061878862 1.6144704174948856 0.7352358307320433 1.0743260176576592 1.4611992135747764 1.374776012466627
108 0.0 0.6756606465751247 1.6029684447712498 0.740734866307045 1.066672196059265 1.4400188847288775 1.3606684255460344
109 0.0 0.6697569583338918 1.6053802022215677 0.734262582117852 1.068277065215788 1.4548978679187623 1.3706043121903235
110 0.0 0.6812072976026684 1.5850787610688712 0.746815726318895 1.0547677644630804 1.4123534458253868 1.3418681839835456
111 0.0 0.6667012704856461 1.5858945314976154 0.7309125948998312 1.0553106071107614 1.4438259984497706 1.363222257829575
112 0.0 0.6672692684660433 1.5800341187423328 0.7315352978946036 1.051410880098741 1.4372660938231632 1.3588168685654307
113 0.0 0.6750471803970868 1.552365687181009 0.7400623159821501 1.0329993219977052 1.3958274859959503 1.330430707811505
114 0.0 0.6713417591381585 1.5459853133070283 0.7360000182373334 1.0287535943702912 1.3977630011940507 1.3317784126254102
115 0.0 0.6663496322216815 1.5250586231704801 0.730527089655791 1.0148282307132486 1.3891726194457952 1.3257802439876192
116 0.0 0.6596152738202363 1.5133344234200194 0.7231441318123175 1.0070265313500113 1.3925668301092868 1.3281553728564859
117 0.0 0.6705084292989341 1.5256083798012696 0.735086428745069 1.0151940583217554 1.3810540075605569 1.3200717046741457
118 0.0 0.6648487108468544 1.4921911360725062 0.7288816115603071 0.9929570362077644 1.362302218164284 1.306736551638871
119 0.0 0.6650884414775646 1.4985092847346095 0.7291444311245202 0.9971613569668025 1.3675772787963754 1.3105092130156306
120 0.0 0.6565264850869426 1.479781939269742 0.7197578556972224 0.9846995154511253 1.3680983231468262 1.3108809457351265
121 0.0 0.665960346304928 1.4747410527634202 0.730100310838698 0.9813451303430947 1.3441236988596552 1.293605409157427
122 0.0 0.6550876909168437 1.4716201468836516 0.7181804884010304 0.9792683686081236 1.363540759494015 1.3076238546204224
123 0.0 0.6630934755339695 1.4569129970332142 0.7269573260459476 0.9694817081907519 1.3336157068035042 1.2859217186710472
124 0.0 0.656604837589839 1.442646144554601 0.7198437544853966 0.9599880372991907 1.3336061212137194 1.2859146778722104
125 0.0 0.6508584070397774 1.466895480407402 0.7135438737881576 0.9761244075511809 1.3679949382355432 1.3108072000438868
126 0.0 0.6598831111477921 1.428787011995155 0.7234377650852108 0.9507656777381636 1.3142328526714067 1.2715654583406988
127 0.0 0.6569210441011819 1.4271104915387696 0.7201904154743003 0.9496500614184636 1.3186096912898329 1.2748282235571884
128 0.0 0.6672592874601833 1.410128139425069 0.7315243555982321 0.9383494005212009 1.282731591012892 1.2477133905063613
129 0.0 0.6568395854701521 1.4134390562103363 0.7201011114006188 0.9405526022684533 1.3061396342508755 1.265499651195511
130 0.0 0.6529885523705161 1.403378970862832 0.7158791776493156 0.9338582637958719 1.3044914462553856 1.2642591247193908
131 0.0 0.6550746968496242 1.3834816236994811 0.7181662428493716 0.9206178615510767 1.2819007725822158 1.24707539956982
132 0.0 0.651475160040718 1.3804075321604614 0.7142200274964016 0.9185722517429054 1.2861194259181332 1.2503101304983
133 0.0 0.6492231959637138 1.3746736714820145 0.7117511722834133 0.9147567369823202 1.2852198529545544 1.2496213680148056
134 0.0 0.6489656920894049 1.3643315011722734 0.7114688676991866 0.9078746891464474 1.276056803556867 1.24257461687728
135 0.0 0.6508601194436778 1.351547360754921 0.7135457511170812 0.8993676675776896 1.2604204652185198 1.230417720265459
136 0.0 0.6471130803547567 1.3474935593549162 0.7094378272463505 0.8966701239948224 1.2639164272861023 1.2331503266686177
137 0.0 0.6468448632876971 1.341652064176742 0.709143777660487 0.8927829854112167 1.2589590623731732 1.2292729130745035
138 0.0 0.641931543003011 1.3350544903005357 0.7037572457340698 0.8883927251798617 1.2623567722605877 1.2319322712292067
139 0.0 0.6434932065167231 1.318120139221719 0.7054693161645584 0.8771240058778683 1.2433198521610394 1.2169283634936356
140 0.0 0.6420304857820156 1.3109646416196483 0.7038657178887668 0.8723624833625659 1.2393876576049225 1.213797425195201
141 0.0 0.6375798634435341 1.3068818235769868 0.6989864472673548 0.8696456310739997 1.2441523501261387 1.2175898174759974
142 0.0 0.6393374297695118 1.3202620276497328 0.7009132882993108 0.8785492945918638 1.2534350671586885 1.2249322120279593
143 0.0 0.640157598129008 1.326328335897415 0.7018124487035762 0.8825860317850598 1.257581043789431 1.2281920682298713
144 0.0 0.6339679987140698 1.2922463919458096 0.6950267166672963 0.8599066945096366 1.2372282588401087 1.212073361672179
145 0.0 0.6406967533912393 1.2736905188648961 0.7024035310806719 0.8475589568148753 1.2066553189316642 1.1873018564872333
146 0.0 0.6355622772825882 1.2986824765830534 0.6967745433733413 0.8641894940597 1.2402713363720803 1.2145019957816166
147 0.0 0.6312255859156721 1.2664335092485999 0.6920201766418015 0.8427298845960878 1.2177822454334242 1.1963964188836425
148 0.0 0.6369172534577956 1.2589582009386504 0.6982600199969675 0.8377555486650197 1.1997759067870706 1.1816329619491628
149 0.0 0.6360627036774531 1.2641368510157918 0.6973231668288818 0.8412016065512029 1.206329642505091 1.1870342840255022
150 0.0 0.6334250281070126 1.2588693029611022 0.6944314514819316 0.8376963927900267 1.20630537542959 1.1870143432791305
151 0.0 0.6325162992143305 1.2530158118897816 0.6934352011035171 0.8338012717126122 1.2024213226927616 1.1838170749684478
152 0.0 0.6419473054265836 1.256070281349821 0.7037745262679841 0.8358338242917749 1.1876443279697582 1.1715492098698708
153 0.0 0.6326198644310352 1.2401747887633974 0.6935487408920762 0.8252563983668224 1.1899039673914444 1.1734358859741718
154 0.0 0.6240176075152704 1.2154887592914747 0.6841179835159628 0.8088294366541998 1.1822952416735104 1.167067441831304
155 0.0 0.6273784652657923 1.220755639958952 0.6878025321560663 0.8123342063121963 1.1810573069071997 1.166027097347519
156 0.0 0.6270640431175707 1.2151671369210817 0.6874578273858426 0.8086154176937842 1.1762400331794327 1.1619674580859083
157 0.0 0.6321133549354272 1.2102773105652886 0.69299344846027 0.8053615533807992 1.162148870483833 1.1499886272378168
158 0.0 0.6300731383016682 1.2065512706831214 0.6907567345076292 0.8028821139653322 1.162322528114946 1.1501372029421109
159 0.0 0.6253323983910377 1.2017385346989613 0.6855594045140925 0.7996795483265494 1.1664628084175177 1.1536724357978798
160 0.0 0.6219155001963372 1.1918181568325963 0.6818134180632524 0.7930781761791623 1.1631894520820178 1.1508785575160345
161 0.0 0.6179357555447496 1.1894474615182844 0.6774503762946177 0.7915006312278857 1.1683521906904493 1.1552812236068
162 0.0 0.6198550210610847 1.1791224530970794 0.6795544900873279 0.784630003522829 1.1546241176656753 1.1435276959892156
163 0.0 0.6202488907147199 1.1694611265556887 0.6799862941101118 0.7782010133375471 1.1444363218467035 1.134707960665692
164 0.0 0.6178853993333178 1.168106318669743 0.6773951701763811 0.7772994760005808 1.1474830501052828 1.1373543321778974
165 0.0 0.6162646555058018 1.1567355593579123 0.6756183292896453 0.7697329684716427 1.1393014888760506 1.130230815619389
166 0.0 0.6196992977565969 1.1540367654524744 0.6793837687618884 0.7679370950524155 1.1303436001303167 1.1223686170835008
167 0.0 0.611728803931328 1.15887377425679 0.6706456208351315 0.7711558126887402 1.1498707942481559 1.1394230710507123
168 0.0 0.6144461650110316 1.1432330064926646 0.673624696361115 0.7607478897171851 1.12933491575755 1.1214791668519997
169 0.0 0.6104036279284628 1.14657962545607 0.6691928144976729 0.7629748489631476 1.1401420224989591 1.1309651612142273
170 0.0 0.6077951098486665 1.1372618400564534 0.6663330648572406 0.7567744632680714 1.1357300172852858 1.1271040966664987
171 0.0 0.6068696814181749 1.1381457513125497 0.6653185065753403 0.7573626492449927 1.1383459828036955 1.1293953213523502
172 0.0 0.6097321285778889 1.1300630015175557 0.6684566417100555 0.7519841001524346 1.1249556863234957 1.117607804367618
173 0.0 0.6125047382738558 1.1281593854364473 0.67149628695634 0.7507173663297488 1.1179769433014894 1.1114053140895743
174 0.0 0.6057277528234408 1.1347433684350108 0.6640665965680901 0.755098582707902 1.1370826158253813 1.1282894866209348
175 0.0 0.6062903790152632 1.1180384854014846 0.6646834104066537 0.7439825596018905 1.1193036383241783 1.112587584116561
176 0.0 0.6127482837910065 1.1137342595975497 0.6717632888262888 0.7411183747169077 1.1032433403912214 1.0981753641231236
177 0.0 0.615049926112988 1.124274199391948 0.6742866068947624 0.7481320253994873 1.1095163655182168 1.1038307806550847
178 0.0 0.6026939074217808 1.127823383299983 0.660740555486097 0.7504937785617226 1.1358373151616152 1.1271981851776351
179 0.0 0.6005383972878917 1.1079772535231314 0.6583774438871854 0.7372874581869179 1.119855282152184 1.1130787400076678
180 0.0 0.6011077565053711 1.1099865172291175 0.6590016392224888 0.7386244936954567 1.120823454349688 1.1139401340567843
181 0.0 0.5977002214785898 1.090625592172728 0.6552659177248793 0.7257410457929092 1.1075519512944052 1.1020633927703176
182 0.0 0.6106128446917864 1.0974917829807964 0.6694221813432858 0.7303100532812941 1.0909558625855937 1.0869993137713785
183 0.0 0.5975679064358701 1.1039162437227787 0.6551208591574221 0.7345851178781675 1.121297097489687 1.1143612534361438
184 0.0 0.5980498443968827 1.0979211895391927 0.6556492135213007 0.7305957956726311 1.1143089637045611 1.1081289117786042
185 0.0 0.5946257728719502 1.0890936890937155 0.6518953628625371 0.7247216630179268 1.1117147080715564 1.1058047355019616
186 0.0 0.5968250494333915 1.100172979531635 0.6543064561206233 0.732094216795104 1.1188858216923054 1.1122154110195084
187 0.0 0.5952959058340639 1.0758407897301367 0.6526300376621061 0.7159027125798112 1.096950295368513 1.0924679002479412
188 0.0 0.5920987030476681 1.071656399690255 0.6491249059209843 0.7131182706729425 1.0985840539597906 1.0939529239000683
189 0.0 0.5966997694413294 1.0643620694609126 0.6541691101635345 0.7082643639913144 1.082693072765629 1.0794097544635515
190 0.0 0.5941700248949928 1.0601512379362248 0.6513957208921302 0.7054623269803393 1.0830011686508492 1.0796938282128843
191 0.0 0.5891440145496745 1.0621806431736331 0.6458856455013722 0.7068127653800106 1.09433112549102 1.09008234117602
192 0.0 0.5883961457730038 1.067427742993459 0.6450657479964481 0.7103043721586797 1.1011348445718292 1.096266876762437
193 0.0 0.5899023073652643 1.0527177840849617 0.6467169710051213 0.7005158424941998 1.0831876599827972 1.0798657380521197
194 0.0 0.5879605111840647 1.0475605166138848 0.6445881565744344 0.697084013354342 1.0814409266513503 1.0782543723519202
195 0.0 0.587420585048676 1.0470155457078363 0.6439962290798553 0.6967213703372325 1.0818718167538202 1.0786521207453394
196 0.0 0.5823339597336599 1.0382326973121963 0.6384197007711971 0.6908769507440758 1.0821673421254254 1.0789248207510076
197 0.0 0.5842958942957921 1.0370335670668283 0.640570593150309 0.6900790068442068 1.0772879901501828 1.0744123978154758
198 0.0 0.5884025044215377 1.036488033561909 0.6450727190590599 0.6897159894538057 1.0692065701675697 1.0668918909937206
199 0.0 0.5808747438277351 1.0268644461830263 0.6368199448812141 0.6833121122490576 1.0730067701892028 1.0704356312184542
200 0.0 0.5822645123771508 1.0347770700245746 0.6383435648017577 0.6885774534834322 1.0786941256269655 1.0757149641756265
201 0.0 0.5784395533119095 1.0241685931687243 0.6341502163269233 0.6815181958033545 1.0746952035288933 1.0720059538402003
202 0.0 0.5802118066276307 1.0197945194304339 0.636093158881795 0.6786075316194358 1.0668367080261922 1.0646753638220607
203 0.0 0.5838243440448423 1.0178886683206656 0.6400536269574947 0.6773393105292143 1.0582539993546443 1.0566052580224885
204 0.0 0.5800922600610647 1.0212542917070095 0.6359620985478069 0.6795789159938946 1.0685839888032398 1.0663100837814359
205 0.0 0.5770293005843996 1.0097419738085591 0.6326041393563814 0.6719182103483603 1.0621464017481415 1.0602735108384722
206 0.0 0.5762340565706836 1.007146233030653 0.631732303811175 0.6701909121442059 1.0608780144707088 1.0590796874373412
207 0.0 0.5766597920155618 1.0268029997387202 0.632199042682889 0.6832712236003124 1.0807849703483992 1.0776485523488502
208 0.0 0.5737124676379608 0.9970135990806739 0.6289678556367405 0.663448297252101 1.0548206737535957 1.0533581099838298
209 0.0 0.573953967577836 1.0024005400700844 0.6292326149158008 0.667032959317009 1.0600737207594784 1.0583219135840742
210 0.0 0.5763962633354822 0.9920562367260573 0.6319101330318736 0.660149492084283 1.0446888846629478 1.0437121608066202
211 0.0 0.5698686273317435 0.9956842249157489 0.6247538074310857 0.6625636844173877 1.0605196423560375 1.0587421164176218
212 0.0 0.5719589193613501 0.9957190602726769 0.6270454196404719 0.6625868651024449 1.0566808150553932 1.055118727845834
213 0.0 0.569727520502056 0.9898070213530445 0.6245991103221843 0.6586527842051182 1.0545208491657443 1.0530740286114721
214 0.0 0.5677115447324468 0.983714635578508 0.6223889719194977 0.6545986940983772 1.051751755946996 1.050446410777516
215 0.0 0.5659200578047603 0.9814936532275169 0.620424943325266 0.6531207734758795 1.0526990903611564 1.0513461428502746
216 0.0 0.5642395409377059 0.9794769382569939 0.6185825725387563 0.6517787796309911 1.0536649568965264 1.052262621238495
217 0.0 0.5620138429294457 0.9735949400346726 0.616142513131796 0.6478646888817402 1.0514851273428663 1.0501930300704165
218 0.0 0.5671802524520899 0.9751409875098034 0.6218065098236883 0.6488934838407981 1.0435617408135374 1.0426331536195188
219 0.0 0.5656034179919516 0.9716909821581794 0.6200778073027712 0.646597727616253 1.0427686977362387 1.041873265224432
220 0.0 0.5611093908482871 0.9694872294348897 0.615150951473123 0.6451312722006205 1.0487365266292812 1.0475771540125423
221 0.0 0.5607712364653707 0.9695971823457512 0.6147802287695138 0.6452044387768399 1.0494879447704757 1.048292984495713
222 0.0 0.5592720036875107 0.9691861972023617 0.6131366019031268 0.6449309546500144 1.0518552515837425 1.0505447463155284
223 0.0 0.5703242650633911 0.960367111612868 0.6252533285382379 0.6390624215396685 1.0220855969431055 1.021844373924124
224 0.0 0.5590870591986459 0.9574323021734017 0.6129338450429663 0.6371094949926598 1.0394425110396681 1.0386796988158897
225 0.0 0.5549398112307244 0.956070257590909 0.6083871673806928 0.6362031421005132 1.0457208439151953 1.0446990057819352
226 0.0 0.5542167123712716 0.9508282975730253 0.6075944254329433 0.6327149555288002 1.0413442405729072 1.0405068775282154
227 0.0 0.5536527587828459 0.9493142575884121 0.6069761563535714 0.6317074594919463 1.0407450982703323 1.0399315899911916
228 0.0 0.5536125845428614 0.9482063686591573 0.6069321128526887 0.6309702308078678 1.0396059418279844 1.0388368566846669
229 0.0 0.5558381034352351 0.9463374338301946 0.6093719758927553 0.6297265751234381 1.0334025850152733 1.03285388271012
230 0.0 0.551002526000957 0.9682976523181424 0.604070674385181 0.6443396852921933 1.0666627476130965 1.0645124587357941
231 0.0 0.5503626527497545 0.938255046690756 0.6033691736694216 0.6243482673547804 1.034769913016559 1.0341757687629776
232 0.0 0.549213773701922 0.9337445681230747 0.6021096437971212 0.6213468345475655 1.031949647292024 1.0314472824999412
233 0.0 0.5470265901385574 0.946347115408571 0.5997118082377909 0.6297330175899144 1.0500593934282179 1.0488370176870885
234 0.0 0.5455947230075253 0.9288941670674831 0.5981420351375656 0.6181192052310854 1.0333987061934635 1.0328501302688307
235 0.0 0.5451474936453451 0.9243726469649118 0.5976517322266556 0.6151104249939773 1.0292121512009615 1.0287916186424104
236 0.0 0.5424674389905704 0.9247371696619666 0.5947135561815314 0.6153529913570577 1.0347048338834675 1.0341128927454597
237 0.0 0.5400152753136354 0.9209807334118523 0.5920252197472509 0.6128533251176278 1.0351811116750549 1.0345729541938398
238 0.0 0.5398362122068647 0.9146335682526114 0.5918289107167833 0.6086296957497245 1.0283879086146588 1.0279906111588362
239 0.0 0.5408799998185714 0.917899349318759 0.5929732275878777 0.610802862584692 1.0300681956069795 1.0296228428897574
240 0.0 0.5400148347998766 0.91945919652062 0.5920247368067364 0.61184084037256 1.0334717492932943 1.0329207910608318
241 0.0 0.5412125523871509 0.9147526257511345 0.5933378089552779 0.6087089208422839 1.0259061729338819 1.0255748990550386
242 0.0 0.5382904191937996 0.9098915042559383 0.5901342393064012 0.60547415776413 1.0259939475393907 1.0256604394805433
243 0.0 0.5400187522245687 0.9140964594553225 0.5920290315263865 0.6082722844593177 1.0274365817687223 1.0270652922172163
244 0.0 0.5368970257677574 0.9091803414339665 0.588606645390159 0.6050009247372774 1.027852691564927 1.02747013299416
245 0.0 0.5376557398267323 0.9083293238654733 0.5894384327080807 0.6044346273896092 1.0254414945639545 1.0251219249059886
246 0.0 0.5337083217236795 0.9108374525458203 0.5851108309221187 0.6061036253890344 1.0358783214349863 1.0352460371106045
247 0.0 0.5368514599176706 0.9067701819512877 0.5885566910024891 0.6033971189252366 1.025214950657463 1.0249010117659634
248 0.0 0.5348660689342069 0.906073940670467 0.5863800830674882 0.6029338152223954 1.0282303792930871 1.0278374484292327
249 0.0 0.5342257109441562 0.900309199350886 0.5856780509267188 0.5990977513852508 1.022913101212002 1.0226535694472234
250 0.0 0.5346818015023018 0.8970878933032509 0.5861780684729891 0.5969541798088931 1.018383682221302 1.0182162414244946
251 0.0 0.533521604964335 0.8914903679396957 0.5849061311005863 0.5932293874141851 1.0142300719227157 1.0141295397393528
252 0.0 0.5313193327056069 0.8958271343653905 0.5824917536236538 0.5961152259858559 1.0233882664903857 1.0231179224251934
253 0.0 0.5340066796634346 0.8942255532820127 0.5854379243080312 0.5950494769893948 1.0164177144702817 1.016284041101667
254 0.0 0.5288296641374473 0.9183383366253111 0.5797623001275346 0.6110949803464917 1.0540440111612372 1.0526220576263932
255 0.0 0.5281301620489103 0.8895751978561748 0.578995427602606 0.5919549651474961 1.022382797733914 1.022135075277533
256 0.0 0.5288439039286459 0.8882708594610449 0.5797779113813248 0.5910870120041414 1.0195059183884265 1.0193175154485234
257 0.0 0.5287763220803754 0.8868635254839319 0.5797038205909301 0.590150521938568 1.018020756421769 1.0178598325754806
258 0.0 0.5341100707519217 0.8816703588672681 0.5855512731977379 0.5866948042308566 1.001952913579837 1.0019510085043357
259 0.0 0.5234754980047001 0.8792146118867095 0.5738924636132583 0.5850606628768812 1.0194604389702338 1.0192729093323136
260 0.0 0.523674379739532 0.8778090228224755 0.5741105000432448 0.5841253339383772 1.0174440876701925 1.0172932551408027
261 0.0 0.5253496461591567 0.8802364295333973 0.5759471147012978 0.5857406166693092 1.0170041688169418 1.0168608167299085
262 0.0 0.5217112020400236 0.8732355956017273 0.5719582447977255 0.5810820128592971 1.0159518079240175 1.015825584581255
263 0.0 0.5204403595889744 0.8700150369622861 0.5705650049844451 0.5789389386349254 1.014676563717238 1.0145696475370305
264 0.0 0.5194624098512577 0.8733856084436411 0.5694928669638358 0.5811818367379536 1.0205252259548672 1.0203167232868051
265 0.0 0.5183788648246264 0.8705312228921684 0.5683049635621684 0.5792824271054555 1.0193161493337657 1.0191313770655859
266 0.0 0.5206646174083289 0.8713680474247667 0.570810861520089 0.5798392799024114 1.0158168300411794 1.0156927254554733
267 0.0 0.5165895415484556 0.8738153978047194 0.56634330700503 0.5814678338598058 1.0267055806393444 1.0263536854039943
268 0.0 0.5145440078849788 0.8613451263263414 0.5641007639289718 0.5731696718425273 1.0160767516966125 1.0159485512474495
269 0.0 0.5162023290322395 0.8555484817188699 0.565918801281801 0.5693123784233115 1.0059965796043957 1.005978653867474
270 0.0 0.5156610740596079 0.8594756691090879 0.5653254169670233 0.5719256685423556 1.0116751367924384 1.011607377929872
271 0.0 0.5126318418115261 0.8547249322291464 0.562004433340598 0.5687643593118734 1.0120282431423073 1.0119563362823596
272 0.0 0.5118806816863071 0.8535484697931679 0.5611809274908054 0.5679814993783172 1.0121183232614819 1.0120453386079593
273 0.0 0.5128056124631257 0.852572673218674 0.5621949401890185 0.567332169643588 1.0091378080578994 1.0090962481729737
274 0.0 0.5124363707072916 0.8486683035152964 0.5617901360258204 0.5647340632246415 1.0052402614607063 1.0052265671714462
275 0.0 0.5109707861374773 0.8538361141690984 0.560183398093271 0.5681729081731433 1.0142623114270553 1.0141613248146917
276 0.0 0.5095934230339481 0.8537721234752098 0.5586733784117628 0.568130326490266 1.0169275079929314 1.0167854401567227
277 0.0 0.5075155933955102 0.8885699663660489 0.5563954288712075 0.5912860483733586 1.0627083144319425 1.0608019214284419
278 0.0 0.507232782925712 0.8414497886260506 0.5560853803629836 0.559930606765898 1.0069148129742316 1.0068909880275225
279 0.0 0.504200988674711 0.8440136371355038 0.5527615879820461 0.561636682720707 1.0160559180153255 1.015928048296529
280 0.0 0.5093613549470319 0.8404291640945303 0.5584189593861657 0.5592514469147232 1.0014907938109274 1.001489683405527
281 0.0 0.5038367053493857 0.8548709900132963 0.5523622198056539 0.5688615513544735 1.0298704925087467 1.0294309342581058
282 0.0 0.5037428260111483 0.8417505581310252 0.5522592987617677 0.5601307494882488 1.0142531791572 1.014152321371203
283 0.0 0.5040043780936685 0.836557327544142 0.5525460414451844 0.556674989212479 1.0074725859160902 1.007444770074088
284 0.0 0.5157222435627773 0.8356848268449539 0.565392477826616 0.5560943962258224 0.983554642190261 0.9834182961639213
285 0.0 0.5017163320590043 0.8359225787462492 0.550037629149482 0.556252604794119 1.011299182665461 1.0112357055209327
286 0.0 0.501934835294378 0.8323006142491067 0.5502771768657246 0.5538424208402065 1.0064789966300054 1.006458075704642
287 0.0 0.5020044588054589 0.8326853889739141 0.5503535059555329 0.5540984636226064 1.0068046403385247 1.0067815672754044
288 0.0 0.5023423633174389 0.8303663013066398 0.5507239547226392 0.5525552602345581 1.0033252693953383 1.003319749864027
289 0.0 0.5024141141111613 0.831996071323374 0.5508026159779081 0.5536397671495209 1.0051509398999052 1.005137707887629
290 0.0 0.5015784626375535 0.8297352451700135 0.5498864812500387 0.5521353330442959 1.0040896655417768 1.0040813199250456
291 0.0 0.4977870171132963 0.824478198082943 0.5457298740719281 0.5486371070003311 1.0053272380101 1.005313085973326
292 0.0 0.4983912108982622 0.8226576993693016 0.5463922589611455 0.547425682429163 1.0018913581791629 1.0018895712511424
293 0.0 0.4955851023150899 0.8264701886218973 0.5433158884832504 0.5499626483293863 1.0122336931185492 1.0121593164455858
294 0.0 0.49794768497667974 0.820792306214571 0.5459060161765577 0.5461843835006902 1.0005099180369585 1.0005097880618945
295 0.0 0.4969277064083144 0.821619664598984 0.5447878014450888 0.5467349371860784 1.0035741177313895 1.0035677419664777
296 0.0 0.4956195618433412 0.8235058028876665 0.5433536668771553 0.5479900406642679 1.0085328839570726 1.0084966335629635
297 0.0 0.500722468845197 0.8177091074103373 0.5489480449942721 0.5441327133944401 0.9912280740522863 0.9911894312238555
298 0.0 0.49369501520232006 0.8195295808727678 0.5412437633241444 0.5453441211625547 1.0075758061639866 1.0075472180335368
299 0.0 0.4929115811464726 0.8173487011226825 0.5403848751773207 0.5438928862365318 1.006491689942395 1.006470687095227
300 0.0 0.49113090346872923 0.812886252431781 0.5384326968933772 0.5409234142170093 1.0046258656615819 1.0046151910347174
301 0.0 0.4918457288731588 0.8126028943006531 0.5392163685532068 0.5407348576418706 1.0028161034738952 1.002812143829891
302 0.0 0.4902232375679887 0.8069957165498636 0.5374376118857709 0.5370036422055101 0.9991925208235091 0.999192194680522
303 0.0 0.4938031803249032 0.8136087802631664 0.5413623460446592 0.5414042099252041 1.0000773306101742 1.0000773276202781
304 0.0 0.4887580153226736 0.8063401644067199 0.5358312711739134 0.5365674145015653 1.0013738342035154 1.001372891141112
305 0.0 0.4886647354796878 0.8113582466976368 0.5357290073638581 0.5399066248738708 1.0077980050596276 1.007767718704747
306 0.0 0.48877819223707775 0.8095303858244733 0.535853391367045 0.5386903012599981 1.0052941904234582 1.0052802131963892
307 0.0 0.48767857351049315 0.8043893866197322 0.5346478661754356 0.5352692976029718 1.0011623191016952 1.0011616440011892
308 0.0 0.4846143173490418 0.803411385477375 0.531288485412935 0.5346185008704039 1.0062678103307294 1.0062482289736745
309 0.0 0.48664060495138983 0.802309136819531 0.533509928801466 0.5338850254234597 1.000703073367044 1.000702826297818
310 0.0 0.48785520658566384 0.8061888008305687 0.5348415111331303 0.5364666917963222 1.0030386210295248 1.0030340114240663
311 0.0 0.487452097258938 0.8029247140366351 0.5343995775459768 0.5342946523903251 0.9998036578619065 0.9998036385848965
312 0.0 0.4850978341528389 0.7935362832504325 0.5318185706810845 0.5280472567432459 0.9929086456439293 0.9928834125221235
313 0.0 0.48093405596591765 0.8254889402160188 0.5272537707415659 0.5493096907522161 1.0418316970585706 1.0409746769225228
314 0.0 0.48496506375522586 0.799024370193365 0.5316730129025992 0.5316992249218319 1.0000493010150913 1.000049299799826
315 0.0 0.4838209960034874 0.794529295002576 0.530418757711882 0.5287080420692619 0.9967747829092627 0.9967695734958769
316 0.001 0.4792697209486505 0.7924191721212992 0.5254291403109574 0.5273038912794767 1.0035680376756604 1.0035616835650858
317 0.001 0.479333594252239 0.7926464001138811 0.5254991653793613 0.527455096864742 1.0037220448941508 1.0037151309520551
318 0.001 0.4876159544583061 0.7880099770736706 0.5345792161578785 0.5243698561276002 0.9809020633019464 0.9807179395166872
319 0.001 0.4792365875437099 0.7924618840006588 0.5253928157619351 0.5273323132826065 1.0036915189216258 1.0036847178188513
320 0.001 0.4784568440009025 0.786355700558488 0.5245379735687973 0.5232690417172511 0.9975808579826685 0.9975779283149774
321 0.001 0.4768380700406851 0.7827398856170475 0.5227632922711947 0.5208629498963478 0.996364812903005 0.9963581935791497
322 0.001 0.4715141671731544 0.7848786841059336 0.5169266337373554 0.5222861824549861 1.0103681032623169 1.0103146316791358
323 0.001 0.47278568985495895 0.785243962174718 0.5183206192957671 0.5225292514692724 1.008119746768368 1.0080869149177334
324 0.001 0.47370498456803034 0.7793522956926608 0.5193284531097319 0.5186087271162422 0.9986141217774994 0.9986131607823645
325 0.001 0.48011798385778093 0.7777413824005635 0.5263591011067695 0.5175367681362962 0.9832389466584264 0.9830972930722095
326 0.001 0.4819467819579586 0.7771797604618769 0.5283640343866702 0.5171630449300485 0.9788006209210967 0.978573506744671
327 0.001 0.4704711918675457 0.7730822245321178 0.5157832074071736 0.5144363988361189 0.9973888088023938 0.9973853951858558
328 0.001 0.46792882893896603 0.7902999323123368 0.5129959844520536 0.5258936737618607 1.0251418913611643 1.024829757824293
329 0.001 0.4699502147777821 0.7727114479348529 0.5152120539784647 0.5141896709054837 0.9980156072337864 0.9980136363709781
330 0.001 0.46722140179917915 0.7718526697790367 0.5122204235984383 0.5136182093870862 1.0027288755470316 1.002725157239555
331 0.001 0.46854423417789803 0.7719548293571279 0.5136706605926512 0.5136861900025915 1.0000302322307495 1.0000302317737626
332 0.001 0.47130569703585934 0.7717564316153585 0.5166980854268077 0.513554169091265 0.9939153706502593 0.9938968028038658
333 0.001 0.46251035350360326 0.7700272201618645 0.5070556448784135 0.5124034903086814 1.0105468610482589 1.01049153466909
334 0.001 0.4663497924848343 0.762718842819595 0.5112648678587252 0.507540236178672 0.9927148687222485 0.9926882351388056
335 0.001 0.46557265715819085 0.768345839525864 0.5104128850842338 0.5112846398526638 1.0017079403633906 1.0017064830777267
336 0.001 0.46177476664161077 0.7632856427153456 0.5062492121837803 0.5079174049816504 1.00329520077804 1.0032897805343517
337 0.001 0.4626521426544059 0.7592195350698603 0.5072110900241327 0.5052116723854968 0.996058016715406 0.9960502317552065
338 0.001 0.46379771762076416 0.7629813847743208 0.5084669975923053 0.5077149409299219 0.9985209331855468 0.9985198385567114
339 0.001 0.461050342717499 0.7556843045458663 0.5054550175517611 0.5028592043011095 0.9948644030417884 0.9948511819145394
340 0.001 0.4604404377514584 0.7539047596728778 0.5047863714262688 0.5016750318716094 0.9938363241743863 0.9938172700026758
341 0.001 0.4629285799128411 0.7562572699898737 0.5075141515043405 0.5032404758791116 0.9915791990970868 0.9915435942424676
342 0.001 0.4594547128872364 0.7474878427419753 0.5037057094412677 0.49740498719484577 0.9874912629967785 0.9874125363606776
343 0.001 0.4597528588055866 0.7504959613652318 0.5040325703855725 0.49940669627922746 0.9908222714599448 0.9907799619568002
344 0.001 0.4588903296062199 0.7529139940852474 0.5030869692847575 0.5010157412233219 0.9958829622154988 0.9958744697335047
345 0.001 0.45702378024725476 0.7466642412910005 0.5010406488473057 0.4968569335065436 0.9916499482619081 0.9916149404212534
346 0.001 0.4555286552895268 0.7510584327610559 0.4994015254333719 0.4997809847444566 1.0007598280977523 1.0007595395380113
347 0.001 0.45394994494199636 0.7543520455510588 0.49767076635461965 0.5019726717980234 1.0086440790463034 1.008606879771759
348 0.001 0.4548383893852588 0.74593019319218 0.49864477864797596 0.49636847180279886 0.9954350131744103 0.9954245697850841
349 0.001 0.4532026513115852 0.74334776843898 0.4968514993894344 0.4946500345549298 0.9955691693851987 0.9955593314601404
350 0.001 0.45084714671975235 0.7443055204857956 0.49426913146884993 0.4952873568193758 1.002060062596869 1.0020579428513217
351 0.001 0.45223821779654827 0.7406835502697504 0.4957941793657744 0.49287716905990214 0.9941164894077543 0.9940991304936323
352 0.001 0.45060522133280756 0.7385150378795515 0.49400390576706726 0.49143416381486427 0.9947981343422522 0.9947845693574773
353 0.001 0.4511141567963932 0.734297007227724 0.49456185781664863 0.4886273362487282 0.9880004463059087 0.9879280171024218
354 0.001 0.44875946803585975 0.7378493897813314 0.49198038430169744 0.49099121790345396 0.9979894190300951 0.997987395778221
355 0.001 0.449383130944625 0.7356039154255996 0.49266411342472183 0.4894969994301982 0.9935714538400054 0.9935507241061142
356 0.001 0.4502135893453669 0.7304546370396565 0.4935745549245565 0.48607048651163715 0.9847964844661282 0.9846800257327529
357 0.001 0.4441787739533538 0.7386221241904423 0.48695851446807936 0.4915054228535423 1.0093373629382572 1.0092939723418102
358 0.001 0.44528395052839187 0.730005720994086 0.4881701327955728 0.48577176181388226 0.9950870181918834 0.995074919777114
359 0.001 0.44528056743729394 0.7333930972672533 0.4881664238722474 0.4880258424228702 0.9997120214695184 0.9997119799977299
360 0.001 0.44439350637912867 0.7286052309609659 0.48719392820055646 0.4848398259519754 0.9951680386139542 0.9951563364162523
361 0.001 0.43957525310179335 0.7272699367022142 0.4819116193739114 0.4839512736763433 1.0042324239973333 1.0042234862051498
362 0.001 0.4393988399824593 0.72545776465995 0.48171821555643723 0.4827453899683612 1.0021323138273637 1.0021300428674342
363 0.001 0.4540303429821506 0.7381738099829818 0.49775890768981046 0.49120709864026396 0.9868373846287259 0.9867501835096245
364 0.001 0.438025140985701 0.7258000752372027 0.4802122128791054 0.4829731755971821 1.0057494637662865 1.005732982977336
365 0.001 0.43972523579395784 0.7236279560274852 0.4820760471972455 0.48152777024619753 0.9988626753927402 0.9988620282711154
366 0.001 0.43380462541244924 0.7579000572513905 0.47558521106281443 0.5043336449315756 1.0604485446562049 1.0586751315027778
367 0.001 0.43810065848811064 0.7157456094282679 0.48029500362226146 0.47628257656536543 0.9916459113115161 0.9916108695415817
368 0.001 0.4398747049689291 0.715964178674767 0.48223991204552485 0.476428020313129 0.987948132066167 0.9878750680267429
369 0.001 0.43625995678667095 0.7143198204685177 0.47827702028160307 0.47533380589818564 0.9938462141005969 0.9938272211207834
370 0.001 0.4463312328516622 0.7100716020395339 0.4893182809608473 0.4725068903118153 0.9656432401911893 0.965042730942906
371 0.001 0.4334347882668226 0.7127905220331741 0.4751797541666495 0.4743161563457075 0.9981825870875822 0.9981809340906461
372 0.001 0.42937400063237874 0.7075794082920766 0.4707278640044087 0.4708484959832951 1.0002562669179178 1.000256234085758
373 0.001 0.4313733523645169 0.7146560078581388 0.47291977727553547 0.475557516940249 1.0055775626046122 1.0055620512600556
374 0.001 0.43412981781511917 0.7115697310437099 0.47594172339209806 0.4735037986165777 0.9948776821705293 0.9948645294142573
375 0.001 0.43548238460789435 0.7066522444547445 0.47742455858088134 0.4702315282009912 0.9849336816663327 0.9848193232118271
376 0.001 0.4305000539716275 0.7075694657942222 0.47196236977876604 0.47084187989172127 0.9976258914718773 0.9976230699268986
377 0.001 0.43117595048897783 0.7035428797062195 0.47270336323303147 0.46816244634508997 0.9903937284116531 0.9903473654973654
378 0.001 0.4265961722958309 0.6963641108741285 0.4676824974998969 0.4633854383259327 0.9908120162782762 0.9907696119507052
379 0.001 0.4250002459921234 0.6992780684813624 0.4659328643620118 0.4653244893223953 0.9986942860524561 0.9986934330511119
380 0.001 0.4256916393642314 0.6981702646371559 0.46669084720391624 0.46458731725693314 0.9954926693771992 0.9954824884180531
381 0.001 0.42661661670035755 0.6968527408716909 0.46770491094565625 0.46371059009935683 0.9914597414890871 0.9914231170904544
382 0.001 0.4260455129951879 0.6949560096836649 0.467078803107586 0.46244843772931776 0.9900865435394172 0.9900371604513726
383 0.001 0.4209037491673371 0.6928876886886428 0.46144182578633547 0.46107210340089594 0.9991987670714298 0.9991984459556827
384 0.001 0.4254652657546103 0.6912318857721402 0.46644267110204013 0.4599702732688379 0.9861239156831209 0.9860269702133801
385 0.001 0.41952743750925947 0.6967188535236346 0.4599329588170801 0.4636214966976485 1.0080197294189466 1.007987699823315
386 0.001 0.4178552242083242 0.6919687985027849 0.45809969132964556 0.46046064120044927 1.0051537905732941 1.0051405439298704
387 0.001 0.41734839716627903 0.692505047943996 0.4575440507678737 0.46081748064476774 1.007154349119829 1.0071288479861713
388 0.001 0.4155357740510226 0.6897027756349416 0.45555685031783943 0.45895274901664035 1.0074543905912767 1.0074267097934724
389 0.001 0.41446657779420093 0.6831846750792465 0.4543846776445199 0.45461537315839595 1.0005077097121142 1.0005075808602482
390 0.001 0.413924322980165 0.6853408482129453 0.453790197191625 0.4560501674234413 1.0049802094575921 1.0049678390181611
391 0.001 0.4171925173213822 0.6803662084421376 0.4573731578253072 0.45273986524859816 0.9898697759205215 0.9898182039829293
392 0.001 0.4125623674935923 0.6827855686060502 0.4522970690652847 0.4543497935210585 1.0045384429751356 1.004528167560009
393 0.001 0.41749717811035225 0.6784967945204698 0.4577071611003694 0.4514958907588485 0.9864295976348972 0.986336890689446
394 0.001 0.416622141760854 0.6750283982510155 0.456747848260936 0.44918789656369723 0.9834483036405683 0.9833101812343166
395 0.001 0.4112175111658871 0.6782040024154412 0.4508226869517866 0.45130105648205504 1.0010611034983685 1.0010605408265778
396 0.001 0.4109491112521937 0.6756172387176775 0.45052843690896666 0.4495797319462039 0.9978942395528421 0.9978920201024963
397 0.001 0.4140003470402007 0.6781118548060476 0.4538735432799788 0.4512397381864928 0.9941970508471315 0.9941801647430946
398 0.001 0.4128189635830495 0.675677665592957 0.45257837843409643 0.44961994213746853 0.9934631514946339 0.9934417162409399
399 0.001 0.40444462832874706 0.6764331313606817 0.44339749430765 0.4501226559195988 1.0151673423920673 1.0150531839942019
400 0.001 0.4136147390872793 0.6702320584045083 0.45345079665872445 0.4459962414978669 0.9835603879940518 0.983424137620964
401 0.001 0.4101460971414781 0.6662919596601569 0.4496480829132756 0.4433743597047244 0.986047481470612 0.9859494612696204
402 0.001 0.4121502586385759 0.6722389686001407 0.4518452691873846 0.4473317108969382 0.9900108320298147 0.9899606898521287
403 0.001 0.40564508042461966 0.6694033396379382 0.44471356433074755 0.4454447825658235 1.0016442454058634 1.001642894744795
404 0.001 0.41363822088987945 0.6591413462265336 0.45347654004040255 0.43861608728876167 0.9672299414864617 0.9666840588154358
405 0.001 0.40099387083591864 0.6643505036918214 0.43961438750238474 0.44208244587569556 1.005614143766615 1.0055984285751711
406 0.001 0.3995602225022594 0.6616799743860611 0.43804266164836714 0.4403053807260304 1.005165522164322 1.0051522152233563
407 0.001 0.40781053137652634 0.658544238023751 0.4470875741676172 0.43821875026068424 0.9801631169834124 0.9799643950072081
408 0.001 0.40180990384033066 0.661050429858733 0.4405090142672988 0.43988645941433985 0.9985867375404462 0.9985857381788764
409 0.001 0.39717232414113823 0.6582026199357642 0.4354247800501923 0.437991425438842 1.0058945781366735 1.00587725616383
410 0.001 0.39705445663639694 0.659465249729692 0.43529556049181034 0.43883162419602406 1.0081233626647113 1.0080905016252903
411 0.001 0.4017028817715982 0.6533341626636684 0.4403916846904228 0.43475178087391847 0.9871934370866495 0.9871109045809594
412 0.001 0.39591974189534085 0.6677871079591569 0.43405155911882326 0.44436928454228486 1.0237707369244515 1.023491531417809
413 0.001 0.39901648197792383 0.6522834106908704 0.43744655239346075 0.43405257315214824 0.9922413853241211 0.992211170058977
414 0.001 0.3929840240980411 0.6500377832817321 0.43083309650579277 0.4325582528317141 1.0040042335185317 1.0039962325942808
415 0.001 0.3963786813474144 0.6505724820235628 0.4345546999416578 0.4329140603855303 0.9962245499672475 0.9962174094764896
416 0.001 0.394612997974491 0.6493921573455737 0.4326189600938323 0.43212863037881966 0.9988666014200895 0.998865958759724
417 0.001 0.39379013139841845 0.6488456172628503 0.4317168416023895 0.43176494317575925 1.0001114192654408 1.0001114130586601
418 0.001 0.39519124971934616 0.6500867497888976 0.4332529044134968 0.4325908368865668 0.9984718682317288 0.9984706997455779
419 0.001 0.3941456195225328 0.6519286384136649 0.4321065674942619 0.43381649506510783 1.003957189497863 1.003949375284663
420 0.001 0.39246253052260727 0.6475478744141583 0.4302613768476522 0.4309013789435064 1.0014874728020982 1.0014863673366046
421 0.001 0.39251612676878267 0.6471703135066491 0.4303201350548181 0.43065013649162115 1.0007668742638804 1.0007665803285177
422 0.001 0.3932830721966809 0.6360413602014887 0.43116094652116393 0.42324453527683836 0.9816393128640258 0.9814691936955593
423 0.001 0.3883378885930142 0.6397272720350884 0.4257394824561874 0.42569727206205166 0.9999008539356222 0.9999008490204075
424 0.001 0.3909965328712133 0.6748305324545072 0.4286541860488152 0.44905622962766056 1.0475955776074515 1.0464892365738212
425 0.001 0.39421681242129125 0.6480591529616504 0.4321846171225941 0.431241601867314 0.9978180267924422 0.997815643688969
426 0.001 0.38889804045811616 0.643274052079505 0.42635358366070647 0.42805742560796695 1.0039963120108693 1.0039883426799916
427 0.001 0.3875401598515964 0.6509208206480253 0.4248649228742158 0.4331458572912895 1.0194907462848501 1.0193026349050682
428 0.001 0.38699725868900714 0.634069773263036 0.4242697338216538 0.42193257122899885 0.9944913284961369 0.9944761138590493
429 0.001 0.38683727938314405 0.6399800222206977 0.42409434659088774 0.4258654610219889 1.004176227401611 1.0041675251352775
430 0.001 0.38990827515681303 0.6525256153836381 0.42746111607105347 0.43421374476620783 1.0157970595248993 1.0156732637844235
431 0.001 0.38231704416921275 0.6312670368097315 0.41913875853963733 0.42006753074278497 1.0022159062702376 1.0022134538670862
432 0.001 0.3840434111079958 0.63940441806335 0.42103139530940986 0.4254824335503118 1.0105717490203574 1.010516161908182
433 0.001 0.38133466118415527 0.6290902390683186 0.418061760296825 0.4186190121304669 1.0013329414133603 1.0013320536386303
434 0.001 0.3850805910460622 0.6372700856045412 0.42216846810868314 0.4240621728468748 1.0044856612495847 1.0044756231848408
435 0.001 0.3818170040285622 0.6345536084445484 0.4185905585392223 0.4222545323613456 1.0087531210329006 1.008714979398165
436 0.001 0.38225949764637335 0.6367865513311699 0.41907566959681086 0.42374041194950385 1.0111310264258024 1.0110694194257295
437 0.001 0.3800254473389941 0.6300265582322027 0.41662645346420346 0.41924207219257253 1.0062780908572186 1.0062584453130685
438 0.001 0.3791035988299427 0.623756053046236 0.4156158198930922 0.41506945509650084 0.998685409047394 0.9986845444043817
439 0.001 0.379023001079986 0.6291846959575196 0.41552745961365095 0.4186818671029185 1.0075913334156072 1.007562628199527
440 0.001 0.38056780252372846 0.6300318638859608 0.4172210439546982 0.4192456027632236 1.004852484882678 1.0048407400736639
441 0.001 0.3801319828075975 0.6216396462259581 0.4167432495755249 0.4136611227502812 0.9926042549498211 0.9925768049206889
442 0.001 0.37923761332785944 0.6275612257741159 0.41576274159365406 0.417601552321042 1.0044227405282629 1.0044129817915528
443 0.001 0.37928879406115357 0.6161286948081397 0.4158188516450923 0.40999393973716886 0.9859917079639884 0.9858928997741156
444 0.001 0.3747813038135064 0.6201674450094288 0.4108772360531592 0.41268146771727116 1.0043911696871874 1.004381549623243
445 0.001 0.37134187625997583 0.6210150742226688 0.40710655039616356 0.41324551033288215 1.015079491918626 1.0149666472008687
446 0.001 0.37106411187687627 0.6223931321401324 0.40680203397327724 0.41416251906746615 1.018093530709024 1.0179313103517726
447 0.001 0.37495434656375437 0.6157163091484108 0.4110669448946021 0.4097195236569764 0.9967221367362166 0.9967167557233163
448 0.001 0.37210710440194816 0.6170311497371586 0.40794547918136287 0.41059446533336574 1.0064934808379753 1.0064724664196403
449 0.001 0.37171063134383076 0.6094122434697056 0.40751082101503694 0.40552457421580634 0.9951259041556658 0.9951139967315528
450 0.001 0.36641026191682613 0.6169899101660121 0.401699962474153 0.41056702305646825 1.0220738397078784 1.0218328720488934
451 0.001 0.3689114304343093 0.6137708713613392 0.4044420235025709 0.40842496018418856 1.0098479793151176 1.009799725567775
452 0.001 0.3733166585861909 0.613299039148842 0.40927152793305166 0.4081109862541854 0.99716437230626 0.9971603462057902
453 0.001 0.3696089548097916 0.6109949613128265 0.40520672783696987 0.40657777094152536 1.0033835645125495 1.0033778499259804
454 0.001 0.36767156406676804 0.6082058690008125 0.40308274314096537 0.40472180975203825 1.0040663279164488 1.0040580771801864
455 0.001 0.36754674771873397 0.6084151425420714 0.40294590548238246 0.4048610678070298 1.0047529018128492 1.0047416335534929
456 0.001 0.36568617193006503 0.6021147127794393 0.4009061339416545 0.4006685378336884 0.999407352275631 0.9994071766079139
457 0.001 0.3693043168341319 0.6105928487886558 0.40487274957241326 0.4063101909709906 1.003550353537242 1.0035440622003573
458 0.001 0.37200241614561946 0.6090053468833503 0.40783070819100165 0.4052538107601985 0.993681453164149 0.9936614278817482
459 0.001 0.36217611940810457 0.6138921947203926 0.39705802128515394 0.40850569306090667 1.0288312316137076 1.028421517930573
460 0.001 0.36932973345392384 0.6160214620540501 0.4049006141173723 0.4099225832499795 1.0124029674382053 1.01232652469599
461 0.001 0.3667034142581542 0.6061860372392402 0.4020213489001081 0.40337774188356934 1.003373932720668 1.0033682505952208
462 0.001 0.3704503331809974 0.6125837898653117 0.406129141031327 0.4076350339505192 1.0037079164409826 1.0037010548399377
463 0.001 0.3651398968934245 0.600463092825521 0.4003072460705258 0.39956949119365753 0.9981570284222677 0.9981553285837725
464 0.001 0.36189223326891806 0.600397988990153 0.39674679350768505 0.39952616878686253 1.0070054133383277 1.0069809610793978
465 0.001 0.36583382401840936 0.6122777623168076 0.40106800669608245 0.4074313923390563 1.0158661013512251 1.0157412254123328
466 0.001 0.36211424483735755 0.6211091100449266 0.3969901874515239 0.413308085112419 1.0411040327360426 1.0402762740916676
467 0.001 0.3617421221301811 0.5964673179259989 0.39658222486683387 0.3969105605073208 1.0008279131536901 1.0008275705754077
468 0.001 0.3583504476091548 0.598837425270176 0.392863891431811 0.3984877142023646 1.014314939329388 1.0142132087191427
469 0.001 0.3570848164999916 0.5974769329586707 0.39147636487511106 0.3975823942465234 1.015597440661227 1.0154767418796782
470 0.001 0.35931057248774323 0.5903321046098426 0.3939164878456828 0.39282797143166975 0.9972366822725139 0.9972328590276622
471 0.001 0.35762513948066044 0.5932936037861509 0.39206872743592786 0.3947986582785161 1.0069628885232484 1.0069387317155345
472 0.001 0.3603463294075482 0.586173073406826 0.3950520005729777 0.39006040419647453 0.9873647105462992 0.987284377762522
473 0.001 0.3587141332518513 0.5945994028807036 0.3932626043615726 0.3956675834232013 1.0061154532237637 1.0060968108430015
474 0.001 0.36332778360701923 0.6185012453097443 0.3983206045519726 0.4115727191960304 1.0332699702014252 1.0327255806548201
475 0.001 0.35695929481153144 0.5876313483458944 0.3913387539433638 0.3910307921893188 0.999213055821991 0.9992127460595385
476 0.001 0.3577866601235655 0.5898561277463159 0.39224580445296975 0.39251123950351013 1.0006767059010626 1.0006764770130694
477 0.001 0.35273213269829284 0.5836110730451765 0.38670446544561 0.38835555806492433 1.0042696497373305 1.0042605542002694
478 0.001 0.3491646338443388 0.5789232617826201 0.3827933736867083 0.3852361217775457 1.0063813750674708 1.006361078852475
479 0.001 0.35167902868897727 0.5937698513225769 0.3855499348961368 0.3951155703220466 1.024810367114928 1.024506361205844
480 0.001 0.3527632027612526 0.5828976937955304 0.3867385279280845 0.387880850148293 1.0029537326584148 1.0029493768230928
481 0.001 0.3494436724404295 0.5889385780938028 0.38309928704457136 0.3919006693416132 1.0229741547287658 1.0227132459157355
482 0.001 0.34992218179286283 0.5907889896298002 0.38362388258376406 0.3931319989683155 1.0247849959718693 1.024481607697782
483 0.001 0.35354585033201147 0.5958942027282319 0.38759655384187747 0.3965291892778427 1.0230462199609993 1.0227836810979472
484 0.001 0.3494136990912011 0.5853730687958887 0.3830664269025075 0.38952805268450963 1.0168681600062193 1.0167270824545787
485 0.001 0.35415722136804106 0.5758323648224177 0.3882668072374732 0.3831793290446092 0.9868969530796066 0.9868105420363302
486 0.001 0.34931493559270166 0.5814029578687041 0.3829581512951773 0.38688619971783866 1.0102571218535932 1.0102047859869143
487 0.001 0.35061122773686293 0.5793992383205477 0.3843792919120941 0.3855528534890401 1.0030531342391213 1.0030484805289812
488 0.001 0.34848367091763066 0.5787062248200527 0.38204682586713046 0.38509169766599005 1.0079698916276785 1.0079382580992966
489 0.001 0.3458343323582085 0.5853787850428489 0.3791423242455498 0.3895318564784758 1.027402723379934 1.0270323434647954
490 0.001 0.34299134618095195 0.5872780227218755 0.37602552441919085 0.3907956767567439 1.0392796535830036 1.0385230672154155
491 0.001 0.34267570725842234 0.5707563593787199 0.3756794856847072 0.37980157454700864 1.010972355476873 1.0109124876301654
492 0.001 0.3487211128722265 0.5727859040343901 0.38230713632828395 0.3811521057205483 0.9969787887852979 0.9969742180220754
493 0.001 0.3441960910677153 0.5703387625762844 0.37734630068040165 0.37952369078717896 1.005770270181134 1.0057536700657277
494 0.001 0.3421015569015253 0.5683834466763074 0.37505003776582657 0.3782225540668515 1.0084589147622105 1.0084232888211326
495 0.001 0.33710389240604854 0.575226472767099 0.36957103827004517 0.382776146928748 1.0357309077045531 1.0351037630458169
496 0.001 0.34532061318350316 0.5658306026889477 0.37857912775612335 0.37652380091230503 0.9945709451654124 0.9945561677334698
497 0.001 0.339870103449357 0.5668319682845322 0.37260366859671656 0.37719014518276434 1.0123092630926613 1.0122339675301635
498 0.001 0.34169244760232687 0.5721319708245574 0.37460152633692684 0.3807169553123892 1.0163251576555563 1.016192981170297
499 0.001 0.3420665514167922 0.5754116034768231 0.3750116608332862 0.38289933948524746 1.0210331557009045 1.02081426090569
500 0.001 0.3431971386676196 0.5648049048195389 0.3762511371892574 0.3758412650817188 0.9989106422093484 0.998910048535789
501 0.001 0.3428442136373633 0.5634670116269263 0.3758642212479066 0.37495098338309146 0.9975702984929423 0.9975673431779689
502 0.001 0.34153162375332613 0.5638722623298236 0.37442521322339506 0.37522065160932766 1.0021244252733001 1.0021221710763657
503 0.001 0.3354654130889685 0.5637349802982499 0.3677747537534965 0.3751292992645102 1.019997418082545 1.0197994491513036
504 0.001 0.34060528677400725 0.5653301109196036 0.3734096588885242 0.37619075589419676 1.0074478443164825 1.0074202120245057
505 0.001 0.33755787613699795 0.5641143069915415 0.3700687460764047 0.3753817167330369 1.0143567126728807 1.0142543895850804
506 0.001 0.33220781865929894 0.5749809103945154 0.3642034139299101 0.38261274099515785 1.050546827297974 1.049300827101403
507 0.001 0.33383403828338487 0.5563601232679503 0.36598625799806656 0.37022180718642667 1.0115729732901133 1.0115063917081613
508 0.001 0.3391595702819359 0.5583691605916101 0.37182470256777256 0.37155869205211667 0.9992845808419428 0.9992843248380819
509 0.001 0.3348062388481594 0.5578262456474476 0.3670520931314612 0.37119741714514504 1.0112935577572069 1.011230143619413
510 0.001 0.33207891910024046 0.5618883847419056 0.36406209979813375 0.3739005089263448 1.0270239861102441 1.0266637062959494
511 0.001 0.3333491284979715 0.5792158046242548 0.36545464558747276 0.3854307901856143 1.0546610772070764 1.0532069038669656
512 0.001 0.33046520863831574 0.5511312832968542 0.362292969674408 0.3667423511603242 1.0122811698220777 1.0122062165131362
513 0.001 0.33092499586473423 0.5548468787128513 0.3627970399224196 0.36921484045665276 1.017689781966263 1.017534689548781
514 0.001 0.3285474289687045 0.5641792965434433 0.3601904848332727 0.37542496309155016 1.0422956155139114 1.041419680082179
515 0.001 0.3319010221694043 0.5558090749254916 0.3638670692603227 0.369855120027049 1.0164566988128356 1.016322392464489
516 0.001 0.3344619674094247 0.549178599161678 0.36667466422623024 0.3654429657098665 0.9966408954952944 0.9966352442121323
517 0.001 0.33251890673909656 0.5508105181797873 0.3645444635209536 0.36652890264675114 1.0054436133980225 1.0054288371526923
518 0.001 0.32950960573532484 0.5532341829893994 0.3612453307565909 0.3681416953835098 1.0190905294539732 1.0189100282285368
519 0.001 0.3276418651073527 0.5459963680405053 0.35919770431664644 0.3633253959788705 1.011491419941218 1.0114257707761476
520 0.001 0.3332295389054707 0.5475175578394555 0.3653235380836366 0.36433764975639304 0.9973013282078259 0.9972976818729744
521 0.001 0.33102649489093494 0.5511437277818914 0.3629083145215607 0.36675063216312664 1.0105875712619907 1.010531818074798
522 0.001 0.3311992458775421 0.5483061038030428 0.3630977034990267 0.3648623762770036 1.0048600494053568 1.0048482679943653
523 0.001 0.3298954253550619 0.5452029309926729 0.3616683094307126 0.3627974147569027 1.0031219360301913 1.0031170703830226
524 0.001 0.32907829908799613 0.545901479494205 0.3607724841088457 0.36326225376643756 1.0069012182670802 1.00687748674849
525 0.001 0.3305004472631481 0.5424531467178895 0.36233160220123395 0.36096761053297044 0.9962355155885465 0.9962284165550039
526 0.001 0.320775764714881 0.5422030322915816 0.3516703161491564 0.3608011755009858 1.0259642595138927 1.0256315079517964
527 0.001 0.3281691041738668 0.5557555612431315 0.3597757228255322 0.36981951012014885 1.0279168010996873 1.0275324915544353
528 0.001 0.3167294450740883 0.5414866774408438 0.3472342874217901 0.3603244875135917 1.037698466326572 1.0370010253720536
529 0.001 0.3233599218779091 0.5367202133929823 0.35450335862450966 0.3571527128664024 1.0074734249406616 1.007445602863592
530 0.001 0.3267583296255907 0.5381589972494112 0.3582290737766291 0.3581101307998606 0.9996679695047793 0.9996679143735018
531 0.001 0.321173905971591 0.5405849893941195 0.3521068031815969 0.3597244722281398 1.0216345409339171 1.0214030186919172
532 0.001 0.32419899507658556 0.5382408993355057 0.3554232446305897 0.35816463135994414 1.0077130203799802 1.0076833893108095
533 0.001 0.3195395620814452 0.5306841164237994 0.35031505238316957 0.3531360793320699 1.0080528282462005 1.008020534253806
534 0.001 0.3237830456316715 0.5308483336884819 0.35496723426794585 0.3532453553386695 0.9951491890995872 0.9951373953116739
535 0.001 0.3187409452530119 0.5283367300362443 0.34943951918075694 0.351574044969397 1.0061084269851457 1.006089827352279
536 0.001 0.32266932445418206 0.5387002579118416 0.35374624839035673 0.3584703048889504 1.0133543649440506 1.0132657868645214
537 0.001 0.3170325366754696 0.5351796810209635 0.3475665703776881 0.35612758785304244 1.0246313029070988 1.0243316428741682
538 0.001 0.31934883526628255 0.5298691683346988 0.35010595628937335 0.35259378389842566 1.0071059276894907 1.0070807699697952
539 0.001 0.3162834991599084 0.5623991186712374 0.34674539157030804 0.3742403694418648 1.0792944291113433 1.0762705156145034
540 0.001 0.3108831795907463 0.5259910697859596 0.3408249564904268 0.35001315923983595 1.0269587146552375 1.0266001615724303
541 0.001 0.31475788813622785 0.5304669575525622 0.3450728459168194 0.352991574098151 1.022947989895561 1.022687671665494
542 0.001 0.3141119506290124 0.5304323127202224 0.34436469688449783 0.35296852019492875 1.0249846264389775 1.0246763616007437
543 0.001 0.3141010357558116 0.5248341463084216 0.344352730778166 0.34924330122392594 1.0142022118852034 1.0141020715808973
544 0.001 0.30611130008219334 0.521168857205339 0.33559348778240244 0.34680428753683173 1.0334058918380988 1.0328570817781015
545 0.001 0.31278408314392436 0.5359284646474407 0.34290893984281434 0.3566258551008058 1.0400016262751246 1.0392172493981433
546 0.001 0.31413583324319916 0.5425795764749637 0.34439087968072307 0.3610517413884876 1.048377766923475 1.047235200171241
547 0.001 0.31089807184343954 0.5249273199096933 0.340841283045575 0.3493053022509626 1.0248327289750752 1.0245281781746436
548 0.001 0.3149850964491634 0.525075884477701 0.34532193711394515 0.3494041623966694 1.011821505800766 1.01175204238217
549 0.001 0.31171794945555575 0.5245655603757768 0.3417401247000023 0.3490645745948776 1.0214328062919305 1.0212055589730398
550 0.001 0.3094961998249346 0.5488189691932348 0.33930439394677886 0.36520365514236325 1.076330462138509 1.0735243869223907
551 0.001 0.30476254972745664 0.520930640066581 0.33411483660039015 0.3466457693829861 1.0375048678175978 1.0368145062227703
552 0.001 0.30785004403242056 0.5170219531828479 0.3374996936181903 0.3440447901587353 1.0193928962434833 1.0192066598625342
553 0.001 0.3083017990538792 0.5141337320492312 0.33799495806361857 0.3421228651268677 1.012212924970532 1.0121387998446645
554 0.001 0.30588135434754804 0.5271075191158161 0.33534139551704145 0.3507560843188364 1.0459671517082705 1.04493439855072
555 0.001 0.3117471069549538 0.5224911997647723 0.3417720904161172 0.3476842212912449 1.017298460116885 1.0171501247424566
556 0.001 0.30202098041172576 0.5211423534674395 0.33110922129505416 0.3467866510073035 1.0473482123238091 1.0462532089449184
557 0.001 0.3071407324678148 0.5171597975459008 0.3367220668470567 0.34413651669891243 1.022019494954049 1.0217797058920537
558 0.001 0.30515573338925606 0.513600802696601 0.33454588856210116 0.34176823498753545 1.0215885075033395 1.0213579642179518
559 0.001 0.3110380535435979 0.5181039791168587 0.3409947466614861 0.3447648086862298 1.0110560706921574 1.0109952883495208
560 0.001 0.31058102169299673 0.5126497527871834 0.340493697165013 0.34113537256360593 1.001884544130877 1.001882770049254
561 0.001 0.304541688397876 0.5078546187978645 0.3338727036772007 0.33794451991802243 1.0121957147019678 1.0121217977087027
562 0.001 0.2962307453719859 0.510420068694657 0.32476131721067564 0.3396516614929036 1.0458501166645056 1.0448225569322334
563 0.001 0.30174485234965687 0.5099532105268736 0.33080649879052915 0.3393409974691032 1.0257990659487564 1.025470508287231
564 0.001 0.3035014564920857 0.5121997039677808 0.3327322849691263 0.3408358940778678 1.0243547424605743 1.0240617337956996
565 0.001 0.2984186976282217 0.5059958452911815 0.3271599954972152 0.33670762593871933 1.0291833676883193 1.0287636574919945
566 0.001 0.30357066651049536 0.5101216943621694 0.3328081607419624 0.3394531126034851 1.0199663128653709 1.019768956282294
567 0.001 0.2956089493973195 0.5060258621051617 0.32407963482988367 0.3367276001939777 1.0390273377428767 1.0382803477133156
568 0.001 0.30278774521138985 0.5205862294660619 0.33194983473650164 0.3464165863240181 1.0435811380927484 1.0426517325692506
569 0.001 0.298594332220091 0.4987265435211157 0.3273525458056972 0.33187037408377085 1.013801109342083 1.0137065267052034
570 0.001 0.30207982937281486 0.5045725814015896 0.33117373811654677 0.3357605355430007 1.0138501242657103 1.0137548709298914
571 0.001 0.2942719488150942 0.5026525306657277 0.3226138650643258 0.3344828655167144 1.036790112694078 1.0361255806033105
572 0.001 0.29036892664953484 0.497881916588085 0.318334935076833 0.33130832929215603 1.0407539128942658 1.039940056110408
573 0.001 0.29272612878412474 0.5012011306862405 0.32091916403389126 0.33351705236641194 1.0392556436149456 1.038499973005207
574 0.001 0.2950517538065469 0.5034946713003592 0.32346877462435014 0.3350432558369751 1.0357823756746432 1.035153438896223
575 0.001 0.29724781071490725 0.501480508426539 0.32587633813816813 0.3337029602479715 1.0240171537292928 1.0237321642111983
576 0.001 0.295667808932194 0.5014671149601782 0.32414416324354395 0.33369404775925565 1.0294618432124487 1.0290341435203467
577 0.001 0.292976483124221 0.49955876158492174 0.32119363049805577 0.33242416157261123 1.0349649868745558 1.0343642147163008
578 0.001 0.29471343614932266 0.491860004618502 0.32309787292115993 0.32730113496089935 1.01300925320782 1.012925179739824
579 0.001 0.2880847231608641 0.49910463896230794 0.3158307354103656 0.3321219722333739 1.0515821767689606 1.0502852650535281
580 0.001 0.29260935152888123 0.4899872730438801 0.3207911397291031 0.3260549527869162 1.0164088480194877 1.0162753184063882
581 0.001 0.2941766769561127 0.4966662173756049 0.3225094173832551 0.33049935981246753 1.0247742918456162 1.0244711639666602
582 0.001 0.296273038162326 0.4931810068737832 0.32480768330370935 0.3281801768292757 1.0103830472581923 1.010329421820735
583 0.001 0.2959629316314931 0.48812772969540674 0.32446770979656225 0.3248175465275144 1.001078186581868 1.0010776056518909
584 0.001 0.2929609025877653 0.49109699870314216 0.3211765493691681 0.32679340369644566 1.017488369989371 1.0173367740300414
585 0.001 0.2958003692619968 0.4972316475286789 0.3242894907221707 0.3308756171399682 1.0203094044248262 1.0201052416826304
586 0.001 0.2895247136730177 0.49057356216690096 0.3174094142706933 0.3264450904146519 1.0284669443870142 1.0280674471583433
587 0.001 0.292183528712485 0.4891191599544982 0.3203243050709465 0.3254772794718242 1.016086741840387 1.0159583826494512
588 0.001 0.28751174750232167 0.4923473538874532 0.3152025753273728 0.3276254344919698 1.0394123022367265 1.0386506467510284
589 0.001 0.2888790361575957 0.49204052626373596 0.31670155027049157 0.32742126048201364 1.033847987805448 1.0332846781159593
590 0.001 0.29014476834890957 0.48731427989878284 0.318089187644765 0.32427624811095535 1.0194507097584842 1.019263366681339
591 0.001 0.2876468136432777 0.49557472879314446 0.3153506499568052 0.3297730445022539 1.0457344690661783 1.0447120286212461
592 0.001 0.2806489605900424 0.48045668061604374 0.3076788197679379 0.31971295772899305 1.0391126629065064 1.0383624344235656
593 0.001 0.2894713963250979 0.49160948648204794 0.3173509618230283 0.32713443128582964 1.030828548325803 1.0303605622948504
594 0.001 0.2893353092295001 0.48604476123364293 0.3172017679087835 0.3234314652539377 1.0196395416905293 1.0194485612755335
595 0.001 0.2844850129608858 0.4861462764110911 0.3118843299666847 0.3234990170623437 1.0372403675968578 1.0365596207390948
596 0.001 0.2902710651505913 0.49912031702842796 0.3182276483424287 0.3321324049759976 1.0436943700712222 1.042760180495775
597 0.001 0.2815989457649266 0.48839474330452504 0.3087202999030893 0.3249952268765849 1.0527173852143978 1.0513635102368384
598 0.001 0.2849624175505596 0.47557854197293636 0.31240771434122083 0.31646687083558106 1.012993137838865 1.0129092718644976
599 0.001 0.2841433411813341 0.48034015890516457 0.31150975109897944 0.31963542003969075 1.0260847980265293 1.0257489696896565
600 0.001 0.28326665716667776 0.48511906465137145 0.31054863190448184 0.3228154738353187 1.0395005505437547 1.0387355134895389
601 0.001 0.2795000043206528 0.47954663110249385 0.30641920523671884 0.3191073784262268 1.0414078914528413 1.040567974314405
602 0.001 0.28473368285631295 0.4770196280496748 0.31215694975396624 0.3174258207482878 1.0168789161941592 1.0167376594188506
603 0.001 0.28024550762438594 0.4804947140128206 0.30723650944530545 0.31973826650347076 1.0406909878019912 1.0398796172916107
604 0.001 0.28174045326159103 0.4800481636902987 0.30887543626800046 0.3194411160419447 1.0342069278852488 1.0336317091602967
605 0.001 0.28098110242990515 0.48081843134241353 0.3080429508485223 0.3199536795242234 1.0386658050213202 1.0379324604612337
606 0.001 0.2807781209444329 0.4794807551879785 0.3078204198127631 0.3190635422505162 1.0365249402381815 1.035869867848424
607 0.001 0.27826995197392534 0.4869717415149353 0.3050706841037768 0.3240483108915266 1.0622073105565728 1.0603308020858326
608 0.001 0.27965104721079115 0.4752884174922656 0.3065847953678007 0.3162738116908817 1.031603055563983 1.0311114471672322
609 0.001 0.28097844109470316 0.47999289918516297 0.30804003319483764 0.3194043410753198 1.0368923083231008 1.0362241127548593
610 0.001 0.2774443388734653 0.4870567619873327 0.30416555456472405 0.3241048865367291 1.0655542078081104 1.0634737229943474
611 0.001 0.280410624205615 0.4799001198680344 0.30741752873263817 0.31934260241897056 1.0387911311872644 1.0380530703649617
612 0.001 0.2847742708909209 0.47736375113527174 0.31220144690285506 0.3176548124846041 1.017467457745146 1.0173162225522772
613 0.001 0.28040349300499656 0.47655108826074866 0.3074097107119151 0.3171140377139896 1.0315680561280929 1.0310775275609103
614 0.001 0.2753731508337296 0.48047335426235804 0.30189488628844197 0.3197240529660755 1.0590575312382033 1.0573636533629922
615 0.001 0.2775681950588478 0.4768834587666788 0.30430133958548206 0.3173352088659373 1.0428321127281592 1.0419340507340644
616 0.001 0.28225494449725375 0.4767714085919579 0.30943947917710957 0.3172606466957784 1.0252752736640705 1.0249598402673856
617 0.001 0.2754687243323133 0.4747834524096106 0.3019996646606244 0.31593778997104943 1.0461527840638107 1.0451117672377797
618 0.001 0.2812215188873779 0.47780210996097594 0.3083065222928365 0.31794651203290214 1.031267550450682 1.0307862452129901
619 0.001 0.275558203118635 0.47989688835514244 0.3020977613266938 0.3193404520553971 1.0570765259993329 1.0554928562724275
620 0.001 0.279864531577914 0.4772924887765839 0.30681884083861655 0.31760739197742827 1.035162609666746 1.0345550861633643
621 0.001 0.2782639607269175 0.47322735021043627 0.30506411582786214 0.3149023042411212 1.0322495760819357 1.031737810612918
622 0.001 0.2741163767332182 0.470227814226746 0.30051706977650017 0.31290630635025923 1.0412263988297674 1.040393754316917
623 0.001 0.2760469941044903 0.4709442594121356 0.3026336287438579 0.3133830544495424 1.03551960087946 1.0348997876160106
624 0.001 0.27313663787936093 0.464335239794309 0.2994429703264191 0.3089851778147644 1.0318665269648624 1.0313667522368841
625 0.001 0.27405733597009885 0.46964447914797347 0.3004523426801426 0.31251813444859616 1.0401587541665422 1.039368263949585
626 0.001 0.2684109887595696 0.46589154460707505 0.29426218454777975 0.31002079837098045 1.0535529695989256 1.05215640442855
627 0.001 0.2686907002116641 0.46885835259672604 0.2945688355657457 0.31199501789097783 1.059158268700637 1.0574586903783427
628 0.001 0.27439675186724344 0.47918817347454024 0.30082444839692263 0.31886884797576737 1.0599831552089678 1.0582365492235135
629 0.001 0.26757605885813973 0.4671693129494088 0.2933468408881389 0.3108710708565169 1.0597389421863945 1.058006323969369
630 0.001 0.26776968492777087 0.46087729797000065 0.29355911546936364 0.306684140379117 1.0447099892938705 1.0437323527815414
631 0.001 0.2665947175448764 0.4632737393494608 0.2922709846426015 0.30827881767753434 1.0547705173488493 1.0533105929702715
632 0.001 0.2675938777092597 0.46622197747637983 0.2933663759082248 0.3102406801506257 1.0575195578912555 1.0559115539588912
633 0.001 0.26971601627519703 0.4696335436856316 0.29569290185715 0.31251085760314784 1.0568764269969613 1.0553036888851905
634 0.001 0.2685296572253719 0.4582952864438994 0.2943922822093744 0.30496597810725157 1.0359170281860755 1.035283390913112
635 0.001 0.2660750440118136 0.4519715058904694 0.29170126031873 0.3007579096874851 1.031047686797305 1.0305730751662097
636 0.001 0.26391659248383803 0.44839044118634774 0.28933492403422145 0.29837494191002467 1.031244129639649 1.0307635396294703
637 0.001 0.2602874489639362 0.45610676737487665 0.2853562504890771 0.3035096597067947 1.0636166517698638 1.0616554937326201
638 0.001 0.261638962856523 0.45667788929495146 0.2868379313707623 0.3038897045384263 1.0594474136881957 1.0577314218300269
