Peak Method: Poly Fit
File Time(Hrs) PeakHeight_E2_30Hz PeakHeight_E2_100Hz Norm_E2_30Hz Norm_E2_100Hz NormalizedRatio_E2 KDM_E2
1 0.0 0.9907547552247706 1.701669360336382 1.0 1.0 1.0 1.0
2 0.0 0.9881352612974297 1.6878888109931722 0.9973560622207192 0.9919017467996922 0.9945312254794118 0.994516230730583
3 0.0 0.9848941972340981 1.6806157857063226 0.9940847541131983 0.9876276936514286 0.9935045171600786 0.9934833527749666
4 0.001 0.982042867472046 1.6740515283454442 0.991206817119189 0.983770153806214 0.9924973646422361 0.9924691138960567
5 0.001 0.9781686638525571 1.6696084903087467 0.9872964613030213 0.9811591659490787 0.9937837360970152 0.9937643548892082
6 0.001 0.9761498681546072 1.6626570912630996 0.985258827178831 0.9770741191076212 0.9916928345674957 0.9916581861536814
7 0.001 0.9736571462744905 1.6577849728637375 0.9827428444222797 0.9742109786451291 0.9913183129996066 0.9912804628534593
8 0.001 0.9701847878168337 1.652579430010519 0.9792380835928763 0.9711518985590956 0.9917423707581795 0.9917081351854988
9 0.001 0.9682822442046017 1.6484469909773907 0.9773177863627103 0.9687234367618452 0.9912061872598772 0.991167350928912
10 0.0 0.9664359255184536 1.6449734468915267 0.9754542387224779 0.9666821800013795 0.9910072063118134 0.9909665885088933
11 0.0 0.9644107339772745 1.6398912157455925 0.973410149072139 0.9636955650546724 0.9900200506161492 0.9899700011758567
12 0.0 0.9617324829014251 1.638280752391438 0.9707069058510234 0.9627491630145979 0.9918021157689726 0.9917683748138179
13 0.0 0.9603928592441662 1.6345483346667606 0.9693547814729223 0.9605557770304138 0.9909228235000415 0.9908814381021551
14 0.0 0.9586364669376053 1.6300397055601934 0.9675819993618111 0.9579062440414223 0.9900000668400502 0.9899498162572136
15 0.0 0.9567865961907955 1.6272373204410542 0.9657148665148029 0.9562593993696789 0.9902088416850741 0.9901606724783355
16 0.0 0.9556025687306828 1.6231676590250572 0.9645197902823965 0.9538678293556354 0.9889562028336999 0.9888948814955645
17 0.0 0.9546725711807085 1.6230756124277832 0.9635811144445365 0.9538137374154386 0.9898634615366778 0.989811825123424
18 0.0 0.9537485871369427 1.6199800228350796 0.9626485082280201 0.95199458872248 0.9889327003423596 0.9888711170008564
19 0.0 0.9512149852525908 1.6155648613057565 0.960091263994782 0.9493999827242559 0.9888643073096599 0.9888019583342984
20 0.0 0.9484456207319454 1.6126749792165356 0.9572960571022173 0.9477017197381669 0.989977669611329 0.9899271931120428
21 0.0 0.947129060215957 1.6111247096851002 0.9559672110794801 0.946790691093255 0.9904008004878504 0.9903545059770908
22 0.0 0.9460343801729323 1.607384270246257 0.9548623160110973 0.9445925910827431 0.9892448107374731 0.9891866609836326
23 0.0 0.9434198996132181 1.6041098294517724 0.9522234383817682 0.9426683390095687 0.989965486053948 0.9899148864476537
24 0.0 0.9424928235603147 1.6012585439893883 0.9512877113029785 0.9409927576487922 0.9891778759129713 0.9891189981367939
25 0.0 0.9406406324378622 1.5978335476102075 0.949418236427703 0.9389800303475826 0.9890056819222313 0.98894491033616
26 0.0 0.9389969878902775 1.5969104109099135 0.94775925418319 0.9384375414705945 0.9901644719674838 0.99011586411972
27 0.0 0.9373732413478137 1.5927672542311484 0.9461203556223696 0.9360027813607068 0.9893062503078613 0.9892487647987999
28 0.0 0.9358280052074406 1.5911906004330376 0.9445607000847864 0.9350762477844079 0.9899588747451306 0.9899082082727408
29 0.0 0.9345577662352298 1.5905234725069022 0.943278607856097 0.9346842045698532 0.9908887965711666 0.9908470996024235
30 0.0 0.9308613670946215 1.6107690983335488 0.9395477157043155 0.9465817131567414 1.0074865782065714 1.007458658292261
31 0.0 0.9157716782428906 1.6408758227626095 0.9243172171655449 0.9642741774690267 1.0432286227730467 1.0423140340647512
32 0.001 0.9128576978437195 1.6615319455740973 0.9213760449089353 0.9764129179864 1.05973334490469 1.0580010466427188
33 0.001 0.9031921030818921 1.6811532504943898 0.9116202554859165 0.9879435392561005 1.0837226721443367 1.0803587476045253
34 0.001 0.8961157275771257 1.696504449879285 0.9044778466633002 0.9969647978758482 1.1022545234841745 1.0972808214627625
35 0.001 0.8879774646984515 1.7229564081062563 0.8962636414467653 1.0125095087600722 1.1297005277662058 1.1218016580972028
36 0.001 0.879649858792618 1.741579838679172 0.8878583263454068 1.0234537209595762 1.15272188207358 1.1418872389836747
37 0.001 0.8746590828932312 1.7632408414938254 0.882820978936204 1.036182987478409 1.1737181288181502 1.159835009438506
38 0.001 0.8680431457478335 1.7827292096189922 0.8761433050613037 1.047635487346723 1.1957353109870765 1.1782867998776094
39 0.001 0.8630928157836024 1.7974926725000842 0.8711467810091855 1.0563113577744387 1.2125526728696032 1.1921334352631974
40 0.001 0.8577322101282334 1.8102286168723367 0.8657361527713701 1.063795740269129 1.228775923084344 1.2052928880959437
41 0.001 0.8529007490415097 1.8289633536769543 0.8608596068237026 1.074805362491459 1.2485257223964175 1.2210565971480598
42 0.001 0.8475413746964477 1.8401536571909674 0.8554502213861872 1.0813814364191232 1.2641079625496303 1.2332997956972123
43 0.001 0.843636988191065 1.8514572706480976 0.851509401032015 1.088024097867112 1.2777593489260897 1.2438882308238988
44 0.001 0.8406438077454368 1.867065166530665 0.8484882896723736 1.0971962062956744 1.2931188557939135 1.2556508181451687
45 0.001 0.8361467841168633 1.8774546682398068 0.8439493019916602 1.1033016824541497 1.3073080099129608 1.266377968257956
46 0.001 0.8330961722713255 1.8878578555304557 0.8408702233100285 1.1094152010571952 1.3193655457200728 1.2753904371041453
47 0.001 0.8295281278988114 1.8993328340729931 0.8372688836710331 1.1161585666075209 1.3330945271890275 1.2855388183438485
48 0.001 0.8252054329168459 1.9068085478211287 0.8329058513876455 1.1205517312976685 1.3453522140957428 1.2944992330108458
49 0.001 0.8221237736506737 1.9160707478877157 0.829795435565848 1.1259947393710794 1.3569546072560033 1.3028947661164967
50 0.001 0.8196321322520816 1.923604864248773 0.8272805433733531 1.1304222248372149 1.3664315375141773 1.3096912221674462
51 0.001 0.8160281221516925 1.9309088987356517 0.823642902391684 1.1347145007970023 1.3776777502750674 1.3176862383738712
52 0.001 0.8139750036752957 1.937674701344804 0.8215706252054584 1.1386904803655682 1.3859922025337803 1.3235485867253713
53 0.001 0.8107053399071447 1.9423537180700805 0.8182704505144883 1.1414401430405496 1.3949423962735892 1.3298136914592182
54 0.001 0.8076170067142812 1.9500272395234788 0.8151532984881397 1.1459495510561477 1.4058086413703215 1.3373573728118107
55 0.001 0.8051809073949698 1.9543970378726954 0.8126944666667787 1.1485174990083589 1.4132217532118063 1.3424648005611926
56 0.001 0.8029095404417603 1.9565190746070584 0.8104019044143833 1.149764531354257 1.4187584272585165 1.3462589918358636
57 0.001 0.8007585611412651 1.963931294158101 0.8082308532141221 1.1541203831570874 1.427958829544125 1.3525256065602058
58 0.001 0.7988885135582677 1.9662179372244282 0.8063433552504378 1.1554641477682543 1.4329679041124919 1.3559174811806092
59 0.001 0.7968080939317588 1.9688250387698645 0.8042435221529555 1.1569962324412257 1.4386143009818135 1.3597242096097135
60 0.001 0.7950257462143782 1.9718403152073734 0.8024445424276689 1.1587681844477618 1.4440476857654139 1.3633707217347926
61 0.001 0.7928222058326355 1.9758352337230463 0.8002204396715406 1.1611158311814864 1.4509949679091918 1.3680097052944264
62 0.001 0.7915933110962214 1.9768854808207834 0.7989800774830843 1.1617330175293263 1.45402000659262 1.370021438597008
63 0.001 0.7892660509314737 1.9777777488197898 0.7966311004507007 1.1622573661600322 1.4589655933624426 1.3732997278216024
64 0.001 0.7872966369395726 1.983861964661628 0.7946433088387854 1.1658328056570655 1.4671146068802874 1.3786728071550454
65 0.001 0.7847293761587935 1.9862181091011735 0.7920520916205579 1.1672174133220232 1.4736624341637277 1.3829644883004089
66 0.001 0.7829854673509544 1.9854735552653437 0.7902919094981482 1.1667798701346188 1.476391009589796 1.3847461953665454
67 0.001 0.7820688332903956 1.9887480975157814 0.7893667218513315 1.1687041818292188 1.4805592248533266 1.387460392026513
68 0.001 0.78024794355224 1.990821373226936 0.7875288404497506 1.1699225593586495 1.4855615429785625 1.3907057094202477
69 0.001 0.7780159702142555 1.990419889552868 0.7852760394147676 1.1696866241743968 1.4895228753523586 1.3932664208060939
70 0.001 0.7767705237583868 1.9910295423032949 0.7840189710542065 1.1700448916290724 1.4923680865219477 1.3951006187124135
71 0.001 0.775228370241166 1.9901366892445367 0.7824624269053257 1.1695201991831898 1.4946662727419322 1.3965791161302195
72 0.001 0.7740760668966686 1.9897906843980309 0.7812993708226568 1.1693168665884035 1.4966310101557996 1.3978409369551232
73 0.001 0.7716946877972077 1.9883257187902927 0.7788957698438044 1.168455967496086 1.5001441948136423 1.400092279358249
74 0.001 0.7707917960087798 1.9909230029879836 0.7779844527053638 1.1699822829238828 1.5038633212468264 1.4024687106290785
75 0.001 0.7691191982485179 1.9915132416354027 0.7762962470707793 1.1703291415211972 1.5075805737013845 1.404836900576364
76 0.001 0.7675022788462229 1.988732171826996 0.7746642393577017 1.1686948229671763 1.5086469254553143 1.405514957321462
77 0.001 0.7664630732615478 1.9882483435212635 0.773615336408516 1.1684104972826397 1.510324889249155 1.4065807509097314
78 0.001 0.764336526979605 1.9866904189111665 0.7714689462239335 1.1674949700677706 1.5133402009014671 1.4084924123820133
79 0.001 0.7640699222229159 1.9860296182450838 0.7711998536404429 1.167106645119643 1.5133647129344296 1.4085079338406568
80 0.001 0.7618838650469115 1.987448658386711 0.7689933972348832 1.167940555733951 1.518791396562814 1.4119367703659504
81 0.001 0.760701280010835 1.98776667144557 0.7677997768865173 1.1681274387244258 1.5213959080077695 1.413577182664455
82 0.001 0.7589537501517043 1.9862268051656429 0.7660359399229145 1.167222523635855 1.5237177040979455 1.4150366764456632
83 0.001 0.7578266855543916 1.9837293163727736 0.7648983581032269 1.165754853798763 1.5240650492302905 1.4152547886118096
84 0.001 0.7565373941361031 1.9847840585862286 0.7635970356402366 1.166374681738338 1.5274740829243703 1.4173922783129513
85 0.001 0.7557384575011383 1.98200414160965 0.762790643714534 1.1647410406554257 1.526947203997585 1.4170622980677745
86 0.001 0.7543178158466617 1.9810304584534606 0.7613567453184023 1.164168847737762 1.5290714305695188 1.4183918446703403
87 0.001 0.7530139813006826 1.981663420010591 0.760040744018279 1.164540812804469 1.53220840062814 1.4203511847572423
88 0.001 0.7520514318421192 1.9800437379162759 0.7590692125131439 1.1635889932958925 1.5329155419746971 1.4207921923517661
89 0.001 0.7511687339647324 1.9771053971053334 0.7581782777255671 1.161862253143292 1.5324393843473365 1.4204952644776194
90 0.001 0.7497290608753246 1.9787684490293032 0.756725170302347 1.1628395592890883 1.536673557223529 1.423131747240615
91 0.001 0.7493004288753582 1.977209533622954 0.7562925385156146 1.1619234498246498 1.5363412841612485 1.422925169818866
92 0.001 0.7477695047073212 1.9762043436348904 0.7547473285027798 1.1613327416580146 1.5387040109990098 1.4243929254178973
93 0.001 0.7459048029513724 1.9764719184895512 0.7528652262508196 1.1614899842228146 1.5427595055849481 1.4269058905435803
94 0.001 0.745147479095067 1.975250849427539 0.7521008354141251 1.1607724129422392 1.5433733859677068 1.4272855798252864
95 0.001 0.744276061042001 1.9742587462969823 0.7512212857087408 1.1601893953750895 1.544404315275102 1.4279228045690848
96 0.001 0.7438343844914925 1.9737674580828752 0.7507754876460222 1.1599006858140206 1.5449368085401503 1.4282517402487034
97 0.001 0.7435527652073688 1.9688672791671706 0.7504912404267798 1.1570210553582334 1.54168495650965 1.4262408329736624
98 0.001 0.7426030459346293 1.9680693708796753 0.7495326588325649 1.1565521579883369 1.5430310398878755 1.427073859005526
99 0.001 0.7413692798972988 1.967320782787283 0.7482873798865651 1.1561122440368719 1.545011014634685 1.428297568458985
100 0.0 0.7401316176709543 1.964205848344136 0.7470381683941977 1.1542817271833916 1.5451442456609517 1.4283798425887508
101 0.0 0.7391097952740893 1.9629005269816844 0.7460068108443334 1.1535146443452815 1.546252162282177 1.4290636806313617
102 0.0 0.7391943608853353 1.9609168850729475 0.7460921655810128 1.152348940857299 1.5445128551375653 1.4279898637872095
103 0.0 0.738044351230259 1.9577113516133977 0.7449314245913665 1.1504651827464307 1.5443907247939237 1.427914407554693
104 0.0 0.7364651448267239 1.958152826045989 0.7433374817965355 1.1507246188289517 1.5480513858225238 1.4301729461751886
105 0.0 0.7352207400546149 1.9536912841867888 0.7420814648402235 1.1481027570482834 1.5471384362032 1.4296102861364475
106 0.0 0.7336294615473378 1.9533476497599622 0.74047533729061 1.147900817450124 1.5502215396535404 1.431508816860115
107 0.0 0.7331343206112706 1.9504366304754512 0.7399755759385135 1.1461901330173174 1.5489567092313834 1.4307305080884771
108 0.0 0.7325243318950925 1.9499335713044275 0.7393598951023012 1.1458945061565715 1.5498467170687158 1.4312782516596254
109 0.0 0.7294719097021698 1.9467720334796468 0.7362789891799973 1.144036602442447 1.5538085688368946 1.4337118886629165
110 0.0 0.7294857324650366 1.9451859024411533 0.7362929409302098 1.1431044994878639 1.5525131859117118 1.432917008195093
111 0.0 0.7285180543740353 1.9422777223371668 0.7353162329347163 1.141395483522852 1.5522511708567008 1.4327561308719703
112 0.0 0.7282867912881557 1.9367345682403538 0.7350828118134347 1.1381380034118407 1.5483126324285517 1.4303338808990698
113 0.0 0.7268466643454303 1.937704316471354 0.7336292463017571 1.1387078839383424 1.552157155236922 1.432698397200124
114 0.0 0.7253232592856875 1.9329088148806477 0.7320916255619029 1.1358897679738178 1.5515677659910225 1.4323363646011533
115 0.0 0.7247448008874926 1.9300066439172952 0.7315077692693699 1.1341842833297393 1.5504746921041765 1.4316645005797155
116 0.0 0.7244357232575567 1.9261788792791776 0.7311958074762965 1.1319348659474102 1.5480598416643747 1.4301781557111202
117 0.0 0.7234272999294262 1.9224998337303987 0.7301779740288036 1.1297728445615096 1.5472568123739967 1.429683265319419
118 0.0 0.7232884006525637 1.920878909761086 0.730037778610987 1.1288202952548734 1.546249150835226 1.429061822686161
119 0.0 0.722822808789715 1.9156462454557186 0.7295678420697861 1.1257452770243441 1.5430302873967163 1.4270733935714253
120 0.0 0.7226147043584206 1.9125469816062832 0.729357795708467 1.1239239691241873 1.5409775226059736 1.4258026824662018
121 0.0 0.7224825237917685 1.9075866950443015 0.729224381696619 1.1210090159155326 1.5372621158214492 1.4234975270952708
122 0.0 0.7231260933749581 1.9044511267275084 0.729873956760272 1.1191663733964399 1.5333693756715743 1.4210750953205809
123 0.0 0.7211659122604033 1.8980939106695587 0.7278954841824542 1.1154305030763132 1.532404757709308 1.42047366724338
124 0.0 0.7214350219983316 1.894595461053541 0.728167105122459 1.1133746103761437 1.5290097596332681 1.4183532765092848
125 0.0 0.7209042970007431 1.8911199613794452 0.7276314276555684 1.1113322043981642 1.5273284827441844 1.417301103789729
126 0.0 0.719579208363939 1.8883688804635312 0.7262939739317117 1.1097155090635487 1.5279150714361942 1.417668360303155
127 0.0 0.7190616446623608 1.8871024827531073 0.7257715805756881 1.1089713000297952 1.527989424923679 1.417714900005659
128 0.0 0.71899658284201 1.8828306699142559 0.725705911629859 1.1064609340689207 1.5246684866930822 1.4156335688891297
129 0.0 0.7185093290318036 1.8772102562797954 0.7252141110024719 1.103158051754962 1.5211480789170715 1.4134212371539272
130 0.0 0.7180637168276007 1.87632697726076 0.7247643405604397 1.1026389855722925 1.5213758788403593 1.4135645805258932
131 0.0 0.7173059907981951 1.8737209483224433 0.7239995437977598 1.1011075312257197 1.520867714156047 1.4132447817321716
132 0.0 0.7162033302520285 1.8716815481893718 0.7228865937560349 1.0999090609584592 1.5215513338592423 1.4136749681482839
133 0.0 0.7157708637787437 1.870324081828585 0.7224500917145315 1.0991113346830572 1.5213664546358165 1.4135586508476192
134 0.0 0.7146602697321214 1.8659336141572567 0.721329134140757 1.0965312402336511 1.5201538220688018 1.4127952964726622
135 0.0 0.7141291576917865 1.863449265511008 0.7207930660194242 1.0950712923118306 1.519258916237022 1.412231480369339
136 0.0 0.7125904679887753 1.8620053368795197 0.7192400180073941 1.094222755771687 1.5213596690617373 1.4135543813594422
137 0.0 0.7120985941546678 1.860187667174614 0.7187435542442745 1.0931545872148138 1.5209243696998649 1.413280442651189
138 0.0 0.7116579910871224 1.8569209065462928 0.7182988396817434 1.0912348484544736 1.519193388837948 1.4121901805065002
139 0.0 0.7111202687483456 1.854468803940108 0.7177560995778567 1.0897938501833995 1.518334502241575 1.4116486525361935
140 0.0 0.7108191360239289 1.8499916823639069 0.717452156828323 1.087162832853854 1.5153105646234724 1.4097391168081157
141 0.0 0.7097634968376951 1.8450656505010556 0.7163866669271474 1.0842680097009725 1.51352343609605 1.4086084328647783
142 0.0 0.710369456148328 1.8393307341466425 0.7169982807573484 1.0808978389215682 1.5075319814990926 1.4048059887121933
143 0.0 0.7099523926990514 1.8381217482237844 0.7165773254734324 1.0801873683971301 1.5074261074106214 1.4047386329040277
144 0.0 0.7090986367256846 1.833740653411951 0.7157156026617433 1.077612781985721 1.5056438311224232 1.403603915961125
145 0.0 0.7081813924378366 1.8304021146759624 0.7147897990932911 1.0756508622298593 1.5048492068497892 1.4030974842471338
146 0.0 0.7080709540277894 1.8272039934090571 0.7146783301253504 1.073771459954982 1.5024542016918978 1.4015691486798767
147 0.0 0.7074763670061657 1.8227394956338685 0.7140781947048661 1.0711478611059635 1.5000428091053486 1.4000273973582806
148 0.0 0.7068837020269712 1.8189983857737388 0.7134799992623824 1.0689493671168666 1.4982191066630872 1.3988594157608272
149 0.0 0.7065245127923845 1.8149136128340615 0.7131174582473708 1.0665489166916031 1.4956146485501294 1.397188443206218
150 0.0 0.7064148719982768 1.8116281245165737 0.7130067943383364 1.0646181724506432 1.493138888583241 1.3955968043669431
151 0.0 0.7056010173146205 1.8088829610060202 0.7121853451559182 1.0630049545279727 1.4925959397483106 1.3952473258044786
152 0.0 0.704578001590562 1.8050553036882775 0.7111527831433075 1.060755600213345 1.4916001530990104 1.3946059743876371
153 0.0 0.7041419157794735 1.8019700880977325 0.7107126279900884 1.0589425478881065 1.4899728894403077 1.3935568065967523
154 0.0 0.7039131365600042 1.7986358760826988 0.7104817139134586 1.0569831707654116 1.4876993314062397 1.3920886461231263
155 0.0 0.7037666965625249 1.7936327566130785 0.7103339074086631 1.0540430464461776 1.4838698187608477 1.3896096446811697
156 0.0 0.7026791908247105 1.7904944208130473 0.7092362535926412 1.0521987775927908 1.4835659799719354 1.389412629961536
157 0.0 0.7026112117819139 1.7869075295166112 0.7091676402022555 1.050090911411474 1.4807372077947418 1.3875760852735342
158 0.0 0.7025312594923889 1.7839811320300214 0.709086941836587 1.0483711898516925 1.4784804626867538 1.3861079156283245
159 0.0 0.7019486035860609 1.7808641819574405 0.7084988488668027 1.0465394884969919 1.477122355485634 1.3852230830899714
160 0.0 0.7017015550009091 1.7768495413765777 0.7082494949435952 1.0441802519293961 1.4743113258591936 1.3833885581835512
161 0.0 0.7004073161733686 1.7736833921226207 0.7069431789045196 1.042319638270976 1.474403699440394 1.3834489089615283
162 0.0 0.7004198839131277 1.7687893322872696 0.7069558639203551 1.039443603743103 1.4703090486851178 1.3807694012499783
163 0.0 0.7010925380163826 1.7644745268189581 0.7076347949067648 1.0369079728098065 1.4653151318632167 1.377489373142771
164 0.0 0.7001454755591112 1.7615382465155562 0.7066788949201365 1.0351824435314152 1.4648554682652632 1.3771867959401474
165 0.0 0.6994928318526945 1.7570518931897823 0.7060201610579219 1.0325460010882799 1.4624879826959643 1.3756265906237042
166 0.0 0.69912576956267 1.753022359102033 0.7056496735199224 1.0301780122288267 1.4599000763227052 1.373917689380463
167 0.0 0.6983224581563263 1.7497095273574814 0.7048388659995876 1.0282311993979858 1.45881739642687 1.3732016839425483
168 0.0 0.6983053607909824 1.7461491154390387 0.7048216090898894 1.0261388940410046 1.4558845540590342 1.3712589448111947
169 0.0 0.6975432697581709 1.7411490350496024 0.7040524065917005 1.0232005556622445 1.4533016947069777 1.3695441907409762
170 0.0 0.6973040520679206 1.7359414455859223 0.7038109566375228 1.020140272868735 1.4494521053529554 1.3669817461388503
171 0.0 0.6974010280027869 1.7317435754812323 0.7039088375049675 1.0176733599639505 1.4457459627458773 1.3645071643053486
172 0.0 0.6968491505540442 1.7256431089481339 0.7033518102024666 1.0140883706144963 1.441793930014314 1.3618601263471273
173 0.0 0.6957909940101672 1.7237160137738101 0.7022837794528823 1.0129558972802273 1.4423740472396722 1.3622492203760808
174 0.0 0.6949758349874173 1.7183737413433846 0.7014610137599082 1.0098164669332124 1.439590293864637 1.3603804253281129
175 0.0 0.6942549179002526 1.7157835448160768 0.700733369422737 1.0082943166332294 1.4389129455385585 1.3599250611559963
176 0.0 0.6949452869957895 1.7124713564116973 0.7014301807091793 1.0063478818665337 1.434708556237298 1.3570928891046534
177 0.0 0.6942651596909855 1.7071997933380771 0.7007437067849135 1.0032500044548032 1.4316932064332346 1.3550556503519082
178 0.0 0.693179143461748 1.7063527326245094 0.6996475563768431 1.002752222257326 1.4332247902788717 1.3560910541514086
179 0.0 0.692358629530645 1.7026362396136392 0.6988193858060978 1.0005681945622305 1.4317979937091487 1.3551265317482561
180 0.0 0.6916056824411498 1.6971339578740299 0.6980594125780871 0.9973347334282051 1.4287247123347686 1.3530451270639308
181 0.0 0.6917564913455863 1.694686453891336 0.698211628758369 0.9958964375760603 1.4263532667696537 1.3514354423231065
182 0.0 0.6911107030027779 1.689163306975388 0.6975598142307042 0.9926507148494924 1.4230331142917483 1.3491765026210967
183 0.0 0.6907881567676668 1.6846404027892277 0.6972342581499384 0.9899927929925305 1.4198854709454554 1.3470292094289942
184 0.0 0.6911667262320407 1.6825397273205454 0.6976163602416796 0.9887583137701585 1.4173381963513827 1.3452873884020806
185 0.0 0.6908662158675725 1.6783127789094578 0.6973130456596567 0.9862743127593794 1.4143924581625544 1.3432685160704345
186 0.0 0.6900567694319761 1.6751822038932005 0.6964960458609399 0.9844346045944287 1.4134101843716391 1.3425942154787711
187 0.0 0.6899861204874469 1.6724920532578835 0.6964247376545885 0.9828537154405068 1.4112848988543265 1.3411333924495943
188 0.0 0.6885851571132662 1.6660939487192081 0.6950107011669585 0.9790938166682737 1.4087463905581958 1.3393851608126117
189 0.0 0.6884958990995074 1.6641825177066494 0.6949206102405329 0.9779705485075418 1.4073126254940647 1.3383961195405352
190 0.0 0.6878875317415805 1.660525327155483 0.6943065658923038 0.9758213703907992 1.4054618209417338 1.337117652345857
191 0.0 0.6869337190873921 1.655378893337911 0.6933438527191815 0.9727970262158799 1.4030513466020196 1.3354496333771189
192 0.0 0.6874855465139262 1.6519257451145677 0.6939008295326907 0.9707677552518305 1.399000712977381 1.3326390949523181
193 0.0 0.6867000873971847 1.6501799472316634 0.6931080408909007 0.9697418227624782 1.399120722241226 1.3327224999902239
194 0.0 0.6860242266848218 1.644978479904239 0.6924258733728558 0.9666851376927088 1.3960846566635596 1.330609901918148
195 0.0 0.68620976213424 1.6417799470364116 0.6926131401494621 0.964805493537163 1.3929933430500083 1.328453352527187
196 0.0 0.6853105049376609 1.6366676508478122 0.6917054915191255 0.9618012106207752 1.3904779164156478 1.3266944352292045
197 0.0 0.6853856577290571 1.6328583873255411 0.6917813456000673 0.9595626655713901 1.387089535840321 1.3243192431858697
198 0.0 0.6847431531132315 1.62842636978894 0.6911328454415393 0.9569581540018072 1.384622595082197 1.32258571723291
199 0.0 0.6851316926986328 1.62424272413773 0.6915250106906611 0.9544996002141413 1.380282109045968 1.3195269229649316
200 0.0 0.6848393735272111 1.6201677975186612 0.6912299637379413 0.9521049360601934 1.377406921007196 1.3174945926777282
201 0.0 0.6846916478607454 1.6133016541134566 0.6910808595669174 0.9480699903972785 1.3718655020939365 1.3135637343396118
202 0.0 0.6842940851929598 1.610790388454916 0.6906795870363653 0.9465942244717263 1.3705258447458455 1.3126106771348627
203 0.0 0.6838166731395177 1.6078912273369497 0.6901977200042623 0.9448905085880523 1.369014242153998 1.3115340005879206
204 0.0 0.6833870450864197 1.6037132124329219 0.6897640828697118 0.9424352637552947 1.3663153637028524 1.30960823677334
205 0.0 0.6826752332344768 1.598939528252231 0.689045628733419 0.9396299689712674 1.363668717699384 1.307715472118573
206 0.0 0.6822861180917243 1.5959587315155659 0.688652882556123 0.9378782792446122 1.3619027858613197 1.3064501960264585
207 0.0 0.6822387432112009 1.590595807414502 0.6886050655960998 0.934726712773436 1.3574206166553215 1.303230245913795
208 0.0 0.6816512270233943 1.5876918713038322 0.688012066991038 0.933020190826014 1.356110213163118 1.3022865493928095
209 0.0 0.6807870451521012 1.5820388285210356 0.6871398209919793 0.9296981337245809 1.3529970252377976 1.3000403497765776
210 0.0 0.6804520267760381 1.5778493026446085 0.686801676386267 0.9272361243741869 1.35007842329828 1.2979291412811265
211 0.0 0.6807873258658219 1.5742303040606203 0.6871401043251849 0.925109390081179 1.3463184352915845 1.2952015635069127
212 0.0 0.6801041360231466 1.5699318031984149 0.6864505392849239 0.9225833406838062 1.3439909911715737 1.2935087997071526
213 0.0 0.6795698726782575 1.5670917281677248 0.6859112904525851 0.920914347225448 1.3426143585095394 1.292505983552089
214 0.0 0.6793475207086885 1.5629660320701078 0.6856868636018469 0.918489847969728 1.3395179297223072 1.2902460591636558
215 0.0 0.6777920850145165 1.5582280062808422 0.6841169133331559 0.9157055081327994 1.3385219547800637 1.2895178760995654
216 0.0 0.6771162168006413 1.5554067328484962 0.6834347382435981 0.9140475635883971 1.3374321093736987 1.2887203508675267
217 0.0 0.6770336911213235 1.5519836851308355 0.6833514424745064 0.9120359814341624 1.3346514322579885 1.286682138184822
218 0.0 0.6765488614400965 1.550690146861598 0.6828620885968992 0.9112758230277245 1.3344946779812523 1.2865670940578076
219 0.0 0.6763605596934212 1.547787831252208 0.6826720297092862 0.9095702533812121 1.3323678337437521 1.2850046454381587
220 0.0 0.6753784860047745 1.542607291630702 0.681680791783384 0.9065258666500072 1.329839240854056 1.2831433474638756
221 0.0 0.6750735241657821 1.5384214622463332 0.6813729841878271 0.904066029573584 1.3268298722632792 1.280922878083369
222 0.0 0.6743221970828017 1.5366614367085276 0.6806146460834493 0.9030317360857717 1.3267885745365697 1.2808923665113465
223 0.0 0.6740996028383961 1.5295652838685783 0.6803899746970827 0.898861623486138 1.3210976894336535 1.2766774452410068
224 0.0 0.6737230254439055 1.5279266373399878 0.6800098832642587 0.8978986593717306 1.3204200136938276 1.2761741510613485
225 0.0 0.6729484522220446 1.52111028690706 0.6792280820992619 0.8938929749586433 1.3160424289230293 1.2729159232803782
226 0.0 0.6731495267304126 1.5207546185556566 0.6794310329378096 0.8936839635256978 1.315341690622335 1.2723932211816003
227 0.0 0.6724196129871416 1.5149072777567199 0.6786943079920833 0.8902477255965028 1.3117064856935372 1.2696765247859934
228 0.0 0.6718071828800021 1.510300687616109 0.6780761629830285 0.8875406249998862 1.3089099329128022 1.2675807561909505
229 0.0 0.6718010383556248 1.5065746207692428 0.6780699611209179 0.8853509711612993 1.3056926599398757 1.2651634064254227
230 0.0 0.6715766607885598 1.502487456658855 0.6778434897707865 0.8829491155448946 1.3025855213914719 1.2628223955899947
231 0.0 0.6711689705552999 1.4993875672516879 0.6774319951692113 0.8811274400305901 1.3006876650555885 1.2613893833766638
232 0.0 0.6705820120696444 1.495013660591212 0.6768395594705077 0.8785570777954663 1.2980285586184745 1.2593775934600595
233 0.0 0.6702303642232437 1.4905811211938271 0.6764846302162737 0.8759522595501 1.2948590705897576 1.2569735757359441
234 0.0 0.6700288598585757 1.48787309457839 0.6762812455102146 0.8743608654293868 1.292895331985338 1.2554807695750596
235 0.0 0.6691272972384468 1.485378251876682 0.6753712699432295 0.8728947505895364 1.2924665135117612 1.2551544476553689
236 0.0 0.6689968875580234 1.4791596307768486 0.675239643342665 0.8692403267368297 1.2873064182573697 1.251218127981523
237 0.0 0.6681159034123993 1.476109824317973 0.6743504382785679 0.8674480828791435 1.286346139395269 1.2504836292819659
238 0.0 0.6676343768631341 1.4730660833738511 0.6738644183561543 0.8656594034711061 1.2846195464405472 1.2491614386158838
239 0.0 0.6668632196378894 1.4673228769679554 0.673086065064204 0.8622843609747421 1.2810907931848077 1.24645296366512
240 0.0 0.6665922175670858 1.4648953564174008 0.6728125341329876 0.8608578085509065 1.2794913365581713 1.245222547746269
241 0.0 0.6664224505511811 1.4593125129904365 0.6726411829332993 0.85757700467849 1.2749397842973424 1.2417117026086586
242 0.0 0.6660992094766698 1.4559922201588051 0.6723149255292276 0.8556258072784411 1.2726562728098239 1.2399450159462277
243 0.0 0.665899841063947 1.4519940944737755 0.6721136967067854 0.8532762758252571 1.2695415671576549 1.2375295267186714
244 0.0 0.6654555482309661 1.4480673300568014 0.6716652579477103 0.8509686804083673 1.2669535461883543 1.2355174384911494
245 0.0 0.6652095550525701 1.444744069231092 0.6714169692798045 0.8490157388421793 1.2645133764683905 1.2336160865438657
246 0.0 0.6640950223736581 1.4419255636748858 0.6702920363203265 0.8473594208629632 1.2641645356771296 1.2333439390244028
247 0.0 0.6638978577320813 1.4373521242960123 0.6700930318335582 0.8446718015842278 1.260529152605832 1.2305028026783076
248 0.0 0.6636549668110092 1.4327357220026897 0.6698478743717431 0.8419589347953411 1.2569405188977014 1.2276892250781977
249 0.0 0.6628614244618802 1.4310672110732412 0.6690469270687458 0.8409784206200617 1.256979722341135 1.2277200098852226
250 0.0 0.6625057939018006 1.4265674355410738 0.6686879779360728 0.8383340905069087 1.2536999589770614 1.2251408471358487
251 0.0 0.662137401959626 1.4244668989413185 0.6683161483382516 0.8370996928920041 1.2525504508209593 1.224235111563353
252 0.0 0.6622885276228772 1.421580552312662 0.6684686842331885 0.8354035075484036 1.249727215728451 1.2220066628367567
253 0.0 0.6610465862613637 1.416968106321292 0.6672151536748298 0.8326929657129097 1.2480126704657046 1.2206505983921572
254 0.0 0.6614779295559856 1.4118384240719024 0.6676505220567096 0.8296784657348555 1.24268376691898 1.2164226365738415
255 0.0 0.660809139466437 1.4089409722946584 0.6669754911411154 0.8279757543593206 1.2413885747776923 1.2153919918161749
256 0.0 0.6605755170530756 1.40535446076683 0.6667396886762478 0.8258681113521507 1.2386664921535393 1.2132220167586896
257 0.0 0.659932569556986 1.4029354685990256 0.666090741504711 0.8244465707026051 1.2377391237118314 1.2124815365586348
258 0.0 0.6594835482246708 1.3989604126327322 0.6656375301222299 0.8221105963594414 1.2350724818783558 1.2103488667900388
259 0.0 0.6593028224961017 1.3987006120150909 0.6654551179484645 0.8219579223889881 1.2351816076236772 1.2104362409045675
260 0.0 0.6584506446451996 1.3945367066553445 0.6645949879855164 0.8195109691460131 1.2330983289989432 1.208766739889539
261 0.0 0.6577242624625796 1.3893852075125324 0.6638618275552591 0.8164836482910417 1.229899979786198 1.2061975710751303
262 0.0 0.657930364672211 1.388685412450286 0.6640698530111496 0.8160724079651843 1.2288954306008566 1.2053891155756482
263 0.0 0.6572533694343292 1.38479332854331 0.6633865403807417 0.8137851928353269 1.2267134518108642 1.2036305584146811
264 0.0 0.6568214601866202 1.3807274206992588 0.6629506007645741 0.8113958286387197 1.2239159715715549 1.201370892096541
265 0.0 0.6564153066792642 1.3792912762946798 0.6625406572288866 0.8105518665635637 1.2233994362757183 1.200953038514682
266 0.0 0.6559285171533702 1.3749923605646472 0.6620493252182887 0.808025573365699 1.2204914990273261 1.1985970215368185
267 0.0 0.6553827439565794 1.370743701561878 0.6614984591296702 0.8055288139470952 1.2177334698661655 1.1963567514533702
268 0.0 0.6548663936555386 1.368890091231151 0.6609772904970517 0.8044395245857586 1.2170456325070171 1.1957971719883669
269 0.0 0.6545870179470512 1.3650497290000203 0.6606953077894098 0.8021827041242492 1.2141492374272123 1.1934370401121186
270 0.0 0.6541459840591415 1.3598278808422037 0.6602501583863069 0.7991140420918176 1.2103201066167146 1.1903073731149707
271 0.0 0.6542551952588838 1.3568275627039839 0.6603603886922088 0.7973508804529273 1.20744807548499 1.1879528472617977
272 0.0 0.6536444373559789 1.353815263384604 0.6597439314915908 0.795580677974354 1.205893135198159 1.1866755301177936
273 0.0 0.6530775519422605 1.350638731768413 0.6591717561770349 0.7937139630353466 1.2041079666984054 1.1852068680683954
274 0.0 0.652653205099341 1.3474506937127444 0.6587434495343651 0.7918404862425116 1.2020468466171867 1.1835082182085035
275 0.0 0.652365424837626 1.3450061598487082 0.6584529838462649 0.7904039358050324 1.2003954043734355 1.1821449035706364
276 0.0 0.6520384560499224 1.3414667893302976 0.6581229639437821 0.7883239955998971 1.1978369374560176 1.1800287674526142
277 0.0 0.6513060231227428 1.3390179166162852 0.65738369630634 0.7868848954015317 1.1969948445980996 1.1793311851254127
278 0.0 0.650863829512673 1.3364542131894268 0.6569373763591099 0.7853783139899985 1.1955147358835576 1.1781037792077265
279 0.0 0.6504566703879391 1.3335472662365646 0.656526417822109 0.7836700226963904 1.1936610643880168 1.1765642537326466
280 0.0 0.649376433546422 1.330496854687226 0.6554361007322133 0.7818774232523154 1.1929117459029943 1.1759411852879262
281 0.0 0.6493872959108558 1.3262889453035314 0.6554470644589846 0.7794046106826262 1.1891190806170715 1.1727809896607018
282 0.0 0.6494337751792045 1.3247386948569329 0.6554939774494131 0.7784935932530758 1.18764415850511 1.1715490682299388
283 0.0 0.6487394833238795 1.321819153650722 0.6547932067978833 0.7767779008428688 1.186294990202363 1.170420726422759
284 0.0 0.6487443555743084 1.3193623724364443 0.6547981245137996 0.7753341531492557 1.1840812062877493 1.1685662655379279
285 0.0 0.6478627204196528 1.317742848150374 0.6539082623657692 0.7743824263779925 1.1842371031929784 1.1686969815901904
286 0.0 0.6475089614832541 1.3147004691127222 0.6535512023218651 0.7725945473054974 1.1821484599228156 1.1669441500137514
287 0.0 0.6473066718390328 1.3108127111918293 0.6533470250084034 0.7703098743769535 1.1790210177616494 1.1643132547161428
288 0.0 0.6469464292458724 1.3039004482270684 0.6529834208053849 0.766247826175419 1.1734567858251816 1.1596137424552717
289 0.0 0.646525814794586 1.3039971228208742 0.6525588813832238 0.7663046377958543 1.1743072689034966 1.1603336119015044
290 0.0 0.6458775600622175 1.3010002817973145 0.6519045774508431 0.764543519512002 1.172784401210394 1.1590442209674747
291 0.0 0.6456003102357499 1.2992619402430137 0.651624740462925 0.7635219687955002 1.1717203497416038 1.1581422302020012
292 0.0 0.644952040631324 1.2970448764244793 0.650970421519708 0.7622190930017583 1.1708966610531049 1.1574433865223255
293 0.0 0.6442548460909165 1.293805325512949 0.6502667210966407 0.7603153442553567 1.1692361297117047 1.1560329255019337
294 0.0 0.6448804667161312 1.291129180972348 0.6508981797113135 0.7587426858982291 1.1656856779577212 1.1530099031859191
295 0.0 0.6438409079128178 1.2884364175260998 0.6498489202474237 0.7571602613044668 1.1651327527268729 1.1525382242903088
296 0.0 0.6435203018481843 1.2843192136715516 0.6495253224418692 0.7547407525852556 1.161988188155363 1.1498511315120308
297 0.0 0.6432050389557844 1.283817374955106 0.6492071176684504 0.7544458429346839 1.1621034680645304 1.1499497784994
298 0.0 0.6431159154890338 1.2793064510187833 0.6491171625445606 0.751794961370106 1.1581806871706257 1.1465870657734414
299 0.0 0.6423571743507637 1.2778668531245785 0.6483513412005106 0.7509489698233579 1.1582438750460111 1.146641328976446
300 0.0 0.6417984778818209 1.2741858956578653 0.6477874312460072 0.7487858248831532 1.1559128639511844 1.1446374448227372
301 0.0 0.6418437132524559 1.2715370958394487 0.6478330887312694 0.7472292358769945 1.1534286359784196 1.1424970704067086
302 0.0 0.6411807661206694 1.2711364440547186 0.6471639552970967 0.7469937895593556 1.154257407949164 1.1432116769147063
303 0.0 0.6408769996924093 1.2678436856658664 0.6468573542672674 0.745058773001144 1.1518130977193803 1.1411024943386403
304 0.0 0.640113638015464 1.2661836986007984 0.6460868692679074 0.7440832679448974 1.1516768152060288 1.1409847558277522
305 0.0 0.6402274212159682 1.2631802669056924 0.6462017142382739 0.7423182765986865 1.1487408037499751 1.138444621603865
306 0.0 0.6399080224218778 1.2602482956863241 0.6458793349689279 0.7405952795889803 1.1466465011217752 1.136628458430526
307 0.0 0.6394471044332022 1.2575164034278714 0.6454141159162361 0.7389898606267956 1.1449855873971992 1.1351856052078464
308 0.0 0.639047297576326 1.2548134285170818 0.6450105782549048 0.7374014351818812 1.1432392894655194 1.133666166134198
309 0.0 0.6389774486451643 1.249293868932 0.6449400775272591 0.7341578205798114 1.138334933990486 1.129385655905953
310 0.0 0.6383523237891495 1.2506898557548993 0.644309119308065 0.734978183721699 1.140722925838773 1.1314723396850952
311 0.0 0.63799527392257 1.2492638895637356 0.6439487376246095 0.7341402029573971 1.1400600079836865 1.1308935333225985
312 0.0 0.6373968918633182 1.24411886328744 0.6433447717530391 0.7311166859356893 1.136430601500782 1.1277182618568964
313 0.0 0.6374749939132016 1.243449511108338 0.6434236026135236 0.7307233356205789 1.1356800289147808 1.1270602591004466
314 0.0 0.6370129323040601 1.2404810545922373 0.6429572292686521 0.728978897726067 1.133790654403657 1.1254018562013508
315 0.0 0.6370434083219152 1.2372544186291634 0.6429879896739839 0.727082738555383 1.130787433407641 1.122759719113305
316 0.001 0.6366022005968262 1.2362761010954273 0.642542664811537 0.7265078222076251 1.130676392392894 1.1226618860183977
317 0.001 0.6359680950408801 1.2326628611554042 0.641902642088858 0.7243844720291223 1.1284958567421606 1.1207386486895343
318 0.001 0.6363887206243817 1.2300061313289916 0.6423271927471147 0.7228232228885211 1.1253193560078623 1.1179299060666896
319 0.001 0.6354421876894776 1.2270000413191156 0.6413718272241005 0.7210566693617644 1.1242412571854694 1.1169747143976327
320 0.001 0.6352472723374376 1.2253409891709452 0.6411750930161524 0.7200817137171247 1.1230656361428322 1.1159320126969006
321 0.001 0.6351226410333766 1.219810198963387 0.6410492987129671 0.7168314993473572 1.1182158701156648 1.1116183404944555
322 0.001 0.6351316000072984 1.2192455548865837 0.6410583412877058 0.7164996816100433 1.1176824876356761 1.1111427122080655
323 0.001 0.6346474415331613 1.2146562263878877 0.6405696648805689 0.7138027249593172 1.1143248956261491 1.108143167459883
324 0.001 0.6345350873307325 1.214005435060244 0.6404562622429975 0.7134202820812748 1.1139250627088004 1.1077853370665995
325 0.001 0.6333890495589003 1.2123215786050423 0.6392995302002912 0.7124307499815319 1.1143927319301 1.1082038641191108
326 0.001 0.63321435515536 1.210134250970441 0.639123205632966 0.7111453489009313 1.1126889817693868 1.1066782500801506
327 0.001 0.6328345989895752 1.2069433959259186 0.6387399057660896 0.7092702166814198 1.1104210184437087 1.104643592419428
328 0.001 0.6326922763400944 1.204828826863377 0.6385962550303952 0.7080275727743075 1.1087249059119642 1.1031190987569273
329 0.001 0.6321889442624524 1.2009601310710423 0.6380882261009476 0.7057541018624437 1.1060447019606834 1.100705081769592
330 0.001 0.6320183325588005 1.2000440213087131 0.637916022331294 0.7052157424233644 1.1054993411924667 1.1002131315156016
331 0.001 0.6312596150091849 1.1981431995081948 0.6371502247960165 0.7040987088533749 1.1050748810122322 1.099830064915987
332 0.001 0.6312603084370494 1.19571713294863 0.6371509246946149 0.7026730108793071 1.1028360528804018 1.097807009480877
333 0.001 0.630469320123666 1.1939892986847553 0.6363525552603909 0.7016576348584723 1.102624054949161 1.097615220093772
334 0.001 0.6302188212139299 1.190846091711137 0.6360997188158369 0.6998105034198496 1.1001584857207871 1.0953818356107654
335 0.001 0.6304963597212918 1.187535181932617 0.63637984717848 0.6978648200481602 1.0966167818517296 1.0921644648540854
336 0.001 0.6297090336011024 1.185772124765208 0.6355851741112679 0.6968287449982689 1.0963577713602857 1.0919287467785244
337 0.001 0.6294030432472937 1.1833381430551526 0.6352763284032911 0.6953983956208938 1.0946392373358442 1.0903632813221003
338 0.001 0.6289929381891852 1.181646804579941 0.6348623964428884 0.6944044666505342 1.0937873632794413 1.0895863304213897
339 0.001 0.6285929031291744 1.1794216377529665 0.6344586284489412 0.6930968290572155 1.0924224180725965 1.0883401145718274
340 0.001 0.6282554009521846 1.176972652800032 0.6341179768646716 0.6916576629007241 1.0907397174269546 1.086801543655206
341 0.001 0.627783789546811 1.175550804931845 0.633641964609483 0.6908221023028028 1.0902404526325213 1.0863445662616178
342 0.001 0.6273493485205108 1.1722563914372586 0.6332034695893892 0.6888861131080892 1.0879379949620431 1.084234297353875
343 0.001 0.626900232891785 1.171834117223625 0.6327501630305689 0.6886379601922078 1.0883252196948687 1.08458952548375
344 0.001 0.6270318219467299 1.1676386037943303 0.6328829800110083 0.6861724322071088 1.084201114391121 1.0807994140390043
345 0.001 0.6260682680440368 1.1668053620451246 0.631910434688756 0.6856827708377339 1.085094869774485 1.081622060471223
346 0.001 0.6255280045297695 1.1643759568760288 0.6313651296963568 0.684255110902307 1.0837708304090006 1.0804031126518439
347 0.001 0.6253792483330471 1.162267147556122 0.6312149853786657 0.683015851755342 1.0820653304762733 1.0788306968806793
348 0.001 0.6249885365105001 1.1608069089634228 0.6308206276221305 0.6821577305323034 1.0813814587891448 1.0781994654996965
349 0.001 0.6246415895584505 1.1581373435838032 0.6304704431287229 0.6805889384732562 1.0794938063960924 1.076454958559228
350 0.001 0.6243750590074342 1.1563205512575223 0.6302014254433564 0.6795212855151506 1.078260470510832 1.0753134379653535
351 0.001 0.6239846844982821 1.1536981440731324 0.629807408147862 0.6779802063575219 1.0764881415912946 1.0736706750780467
352 0.001 0.6234272137808148 1.150983220904891 0.6292447353829547 0.6763847594208121 1.0749152458290625 1.07221041532145
353 0.001 0.6231166439247318 1.1501431463038898 0.6289312674390005 0.6758910826698626 1.0746660528138183 1.0719788639839656
354 0.001 0.622606659977464 1.1480498932796763 0.6284165245678931 0.6746609653080505 1.0735888362769512 1.07097726896435
355 0.001 0.6222416371747386 1.1452815474403906 0.628048095548703 0.6730341240991693 1.0716283177503525 1.0691517075110617
356 0.001 0.6218129960179795 1.142854607940535 0.6276154545197312 0.6716079131345576 1.0700946069731354 1.067721162827072
357 0.001 0.6215460765379248 1.142254075333767 0.6273460442760286 0.6712550052073389 1.0699916120169088 1.067625019937846
358 0.001 0.6211742261657491 1.1383779114403296 0.6269707239758082 0.6689771456044186 1.0669990160979688 1.0648273323559176
359 0.001 0.6208404735516524 1.1388339090626687 0.6266338569435415 0.6692451163588834 1.068000250773525 1.0657642577635953
360 0.001 0.6200275920564309 1.1351322739355965 0.6258133900308824 0.6670698200214442 1.0659244922652196 1.0638208148575028
361 0.001 0.6196885153913172 1.1337632448776276 0.6254711492661266 0.6662652988319118 1.0652214728267635 1.063161722541546
362 0.001 0.6192119651677785 1.1313015466876095 0.6249901521061073 0.6648186616370506 1.0637266193662864 1.0617587802262831
363 0.001 0.6186240815732162 1.1290901780012064 0.6243967826658275 0.6635191326345622 1.062656232470808 1.0607529567791851
364 0.001 0.6184503366530407 1.127245678260806 0.6242214164419873 0.6624351971865878 1.0612183109038715 1.0594001232960388
365 0.001 0.617899901495548 1.1258720499972696 0.6236658448895016 0.6616279732360639 1.060869339980111 1.0590715178291688
366 0.001 0.6173373278725194 1.1244297673547408 0.6230980216011834 0.6607804039748745 1.0604758498138995 1.0587008576871808
367 0.001 0.6170671883737668 1.1223529298003996 0.622825361291124 0.6595599332989903 1.058980533374099 1.0572910063189827
368 0.001 0.6166815460455837 1.1207564721698873 0.6224361203350252 0.6586217618376456 1.0581355103285839 1.0564933747431455
369 0.001 0.6163682965416228 1.1186283422866836 0.6221199477380137 0.6573711488027003 1.056663029682391 1.0551019091262037
370 0.001 0.6155872438830556 1.1168570674562943 0.6213316066733372 0.6563302445755482 1.0563284364199605 1.054785447132198
371 0.001 0.6148550840298412 1.1155628088818048 0.6205926146580546 0.6555696628758028 1.05636072262481 1.054815988269674
372 0.001 0.6146358938422054 1.113339865587477 0.6203713790934712 0.6542633319597378 1.0546317157890035 1.053179083501127
373 0.001 0.6145682380156359 1.1117910059037968 0.6203030919354103 0.6533531318234587 1.0532804693668845 1.0518978972057462
374 0.001 0.6136886179156136 1.1099191177563625 0.6194152636455297 0.6522531013527542 1.0530142533362181 1.0516452852191047
375 0.001 0.6129827792028664 1.108295793455909 0.6187028383868822 0.6512991414717744 1.0526849095599418 1.0513326807388441
376 0.001 0.6127734618785325 1.106495648433338 0.618491567814392 0.6502412714386586 1.0513340929391533 1.0500494708451922
377 0.001 0.6124837899551494 1.1041915910755051 0.6181991928125506 0.6488872731758132 1.0496410877271523 1.0484388101159694
378 0.001 0.6118507527717156 1.1028454803526984 0.6175602484319201 0.6480962201344981 1.0494461419434191 1.0482531752666904
379 0.001 0.6111171053926228 1.1007153756872867 0.6168197550098862 0.6468444466025409 1.0486766050354102 1.0475200477379092
380 0.001 0.6102893439674517 1.0995443237625295 0.6159842693149593 0.646156268304187 1.0489817686785772 1.047810838951648
381 0.001 0.6096899733238388 1.097425842024677 0.6153793056340361 0.6449113250812369 1.0479899456754944 1.0468654114018765
382 0.001 0.6093932359508472 1.0948187329195207 0.6150797992512237 0.643379235965734 1.046009374310392 1.0449747443859092
383 0.001 0.6088945530937053 1.092632717503875 0.614576462926556 0.6420946060213989 1.0447757842267569 1.0437952997802045
384 0.001 0.6082172958558658 1.0912391186866444 0.6138928858513333 0.6412756462106898 1.0446051110714252 1.0436320058380868
385 0.001 0.6075943283940433 1.0892187798235682 0.6132641051580918 0.6400883774555676 1.0437401636128056 1.0428040358471835
386 0.001 0.6070600565144559 1.087691925051331 0.6127248477114131 0.6391911086865422 1.043194365421907 1.0422812103957497
387 0.001 0.6064518190396484 1.0852535072917817 0.6121109344583099 0.6377581524281847 1.0418996239506346 1.0410398468751054
388 0.001 0.6056101107678842 1.082902416230354 0.6112613717715547 0.6363765144224542 1.0410874035408306 1.0402603077845203
389 0.001 0.6051312358758878 1.0807075017874013 0.6107780282503946 0.6350866548915058 1.0397994451613535 1.0390229002716542
390 0.001 0.6048633811151376 1.079068859689869 0.6105076739984088 0.6341236933810462 1.0386825921908052 1.037948616757684
391 0.001 0.6039864480408141 1.07715665212163 0.6096225578082528 0.6329999688709799 1.0383473524122446 1.037625925107282
392 0.001 0.6030084876256296 1.074456266782363 0.6086354715388939 0.6314130652090763 1.037424032504367 1.0367366163423195
393 0.001 0.6026822882413398 1.0730661367779248 0.608306228219526 0.630596143874744 1.0366425899015685 1.0359833287227285
394 0.001 0.6020013720553834 1.071396252285922 0.60761895805265 0.6296148225141287 1.0362000957507531 1.0355565210180446
395 0.001 0.6014316563232569 1.068574298871681 0.6070439260085219 0.6279564783727715 1.0344498173332453 1.0338664704724956
396 0.001 0.6007424696872476 1.066929213637195 0.6063483082157485 0.6269897304998705 1.0340421866515335 1.03347244897371
397 0.001 0.599877619810286 1.0641203737832257 0.6054753879775151 0.6253390926500979 1.0328067912701357 1.0322773334003252
398 0.001 0.5992870750342263 1.0633293359569507 0.6048793325228776 0.6248742327632639 1.0330560149195214 1.0325185481137171
399 0.001 0.598762491485104 1.0609676325620967 0.6043498538134837 0.6234863583324831 1.031664613465606 1.0311711030016835
400 0.001 0.5980058776476653 1.0596126022646786 0.603586179621209 0.6226900636297623 1.031650631928886 1.0311575537953948
401 0.001 0.5971328294981504 1.0571705943511915 0.6027049846081032 0.6212549975879055 1.030777931912848 1.0303114697369764
402 0.001 0.5966859126492636 1.0561070456678863 0.6022538973470731 0.6206299944538682 1.0305122095311325 1.030053707028118
403 0.001 0.5957981251049205 1.053904459637124 0.6013578253982267 0.6193356266512261 1.0298953476511166 1.0294550629772217
404 0.001 0.5952788508875528 1.0522812414492364 0.6008337055647066 0.6183817291281686 1.0292061237592673 1.0287857634740039
405 0.001 0.5945242408342892 1.0494936103496002 0.6000720538549529 0.6167435547773739 1.0277824984771757 1.0274018525143007
406 0.001 0.5935345264879288 1.0476179421311826 0.5990731039724102 0.6156413029168557 1.027656389236277 1.0272791675977149
407 0.001 0.5931798857709509 1.045507572569477 0.5987151539195765 0.6144011268809608 1.0261993919123205 1.0258606255799867
408 0.001 0.5921835938497679 1.0442057225154713 0.5977095650834604 0.6136360839858191 1.026645916064828 1.0262955811408505
409 0.001 0.5916168766634655 1.0414036241199938 0.5971375595661376 0.6119894078095944 1.024871736847784 1.0245662343892488
410 0.001 0.5909867686787038 1.0398670972354012 0.5965015717180462 0.6110864551441666 1.0244507041014377 1.0241553958828453
411 0.001 0.5902609523691353 1.0381180163676618 0.5957689824412944 0.6100585933817655 1.023985154248743 1.0237009191479427
412 0.001 0.589369315894146 1.0361278260461404 0.5948690256454403 0.6088890416651336 1.0235682400919788 1.023293743818501
413 0.001 0.5886313506271108 1.0337003169042873 0.5941241740430195 0.6074624959457152 1.022450394185997 1.0222011815474297
414 0.001 0.5878050653700484 1.0317826699028956 0.593290178291089 0.606335574908004 1.0219882227858397 1.0217491106407584
415 0.001 0.5871598081721459 1.0310357035777997 0.5926388998647178 0.6058966140014339 1.0223706444847653 1.0221231894813867
416 0.001 0.5866132194787497 1.0289133061523899 0.5920872106696736 0.6046493696924746 1.0212167376636843 1.0209940253000365
417 0.001 0.5859314957706374 1.0273911986951134 0.5913991254452352 0.6037548907221443 1.020892430754961 1.0206764402073158
418 0.001 0.5850883405219065 1.0258697494064108 0.5905481022790232 0.6028607985299914 1.0208496076838642 1.0206344970992278
419 0.001 0.5842269011191092 1.0240735520637827 0.5896786243398517 0.6018052483834735 1.0205648018142044 1.0203554984187984
420 0.001 0.5836791248730151 1.0223992334940704 0.5891257365104414 0.6008213213006109 1.019852442467453 1.019657319564593
421 0.001 0.5831892486312427 1.0209053176804446 0.5886312889802237 0.5999434093816172 1.0192176675164366 1.0190347656179868
422 0.001 0.5822548730429844 1.0194173018680885 0.5876881942503414 0.5990689646469115 1.0193653207736928 1.0191796111129345
423 0.001 0.5818963635756518 1.0183949917336577 0.5873263393458436 0.5984681956854084 1.0189704693850008 1.0187922207606923
424 0.001 0.5816035893294611 1.0167113455827348 0.5870308330718168 0.5974787871727053 1.0177979647955055 1.017640978042427
425 0.001 0.5809796022731462 1.01558351177664 0.5864010232697197 0.5968160063573583 1.017760854218101 1.0176045185741136
426 0.001 0.5803415232730913 1.0137061956411344 0.585756990024671 0.5957127860848052 1.0169964613819031 1.0168532386717808
427 0.001 0.580157577409409 1.012788739950338 0.5855713276670469 0.5951736356997885 1.0163981868289178 1.0162648299686345
428 0.001 0.5795634513124241 1.0112957561868825 0.5849716574723275 0.5942962715077458 1.0159402834587066 1.0158142417109282
429 0.001 0.5790086101114866 1.009657355156378 0.5844116387613281 0.5933334516623083 1.015266316255936 1.0151506688052014
430 0.001 0.5782668910469511 1.008318241649249 0.5836629983327819 0.5925465105923557 1.0152202765721818 1.0151053229754823
431 0.001 0.5777637072096695 1.006670089700492 0.5831551190270021 0.5915779605395821 1.014443569537096 1.014340009077956
432 0.001 0.5773275204919628 1.0062816747376928 0.582714862025553 0.5913497052910287 1.0148182993573571 1.0147093158346672
433 0.001 0.5767058842393453 1.004724779217213 0.5820874249637179 0.5904347828291399 1.0143403851508084 1.0142382938420158
434 0.001 0.5763503164707799 1.003153979589115 0.5817285392084991 0.5895116895040138 1.0133793509703073 1.0132904422247695
435 0.001 0.5759089945568121 1.001693103586149 0.581283099091618 0.5886531937015876 1.0126790106601877 1.012599138355429
436 0.001 0.5753474613011349 1.000759605820349 0.5807163258788568 0.5881046160592097 1.012722718220762 1.012642296035699
437 0.001 0.5751197323261295 1.0000282917098957 0.5804864718470648 0.5876748533053522 1.0123833746468105 1.0123071724829606
438 0.001 0.5741981031605974 0.9983491182065336 0.5795562424833683 0.5866880731807866 1.0123056748847339 1.0122304230796733
439 0.001 0.5737287676311098 0.996998295559024 0.5790825273414398 0.5858942511381527 1.011762958602784 1.0116941795279437
440 0.001 0.5735410250126733 0.9962645848790999 0.5788930327995804 0.5854630800205279 1.0113493285437798 1.0112852883213448
441 0.001 0.5730103807873093 0.9946359454916092 0.5783574368586417 0.5845059966849212 1.010631072472545 1.0105748614135077
442 0.001 0.5724445238229237 0.9931383711154922 0.5777862995904111 0.5836259347815789 1.0101069118380057 1.0100560938112133
443 0.001 0.5723918261282961 0.992739875735424 0.5777331101463536 0.5833917556928813 1.0097945668114714 1.0097468338040245
444 0.001 0.5716313423035899 0.9915154531990993 0.5769655298539597 0.5826722137155357 1.0098908575405199 1.0098421837219789
445 0.001 0.5711864344557398 0.9897782234256738 0.5765164703409935 0.5816513163462124 1.0089066770324562 1.0088671884406428
446 0.001 0.5707098029597546 0.9888272191383294 0.5760353911501326 0.5810924508524149 1.0087790781260597 1.0087407104361614
447 0.001 0.5701874047663296 0.9870472847615019 0.5755081181891196 0.5800464577715525 1.007885795941008 1.0078548251667991
448 0.001 0.5693628849840024 0.9857260772841983 0.5746759043864818 0.5792700393273476 1.00799430584404 1.0079624785994397
449 0.001 0.5687659337490913 0.9839347309243749 0.5740733826910137 0.578217339900786 1.0072185148009254 1.0071925550184966
450 0.001 0.5680214478925336 0.9829604362457758 0.5733219496520788 0.5776447876169473 1.0075399833679692 1.0075116644554394
451 0.001 0.5674410668725614 0.9810371531129931 0.5727361527967908 0.5765145544602531 1.006597106966291 1.0065754175996644
452 0.001 0.5669708662244375 0.9799202202411834 0.572261564463357 0.5758581796686256 1.0062849148512034 1.0062652266432153
453 0.001 0.566458612360293 0.9790578519532573 0.571744530493605 0.5753514018491345 1.0063085367032993 1.0062887004544827
454 0.001 0.5654191969006206 0.977514270991378 0.5706954157109698 0.5744443037971521 1.0065689823029538 1.0065474771721175
455 0.001 0.5652049535347032 0.9774046054662904 0.5704791731294555 0.5743798579490668 1.0068375586758294 1.006814262216959
456 0.001 0.5649334000845556 0.9751686095478362 0.5702050856736895 0.5730658565510443 1.0050170911295446 1.0050045370203984
457 0.001 0.5641642901173327 0.9736719320935663 0.5694287987437838 0.5721863217312047 1.0048426124451453 1.0048309153198207
458 0.001 0.5639958513129386 0.9737385051193996 0.5692587881498342 0.5722254439175618 1.005211436045405 1.0051978918050484
459 0.001 0.5634465662951698 0.9724419359699823 0.5687043774696209 0.5714635043894498 1.0048516013400588 1.0048398608024813
460 0.001 0.562852381473931 0.9714903920903453 0.5681046480026611 0.5709043217998021 1.0049280952144715 1.0049159820007854
461 0.001 0.5621033805655316 0.9703172825247748 0.5673486577796019 0.5702149343118952 1.0050520548396304 1.0050393253655796
462 0.001 0.5620161488186568 0.9700135415841942 0.567260612028204 0.5700364384491499 1.0048933882629734 1.00488144486048
463 0.001 0.5611321817195858 0.9683584960584994 0.5663683961751794 0.5690638373291722 1.0047591658930755 1.0047478679474753
464 0.001 0.5605834934031009 0.9676534249301767 0.5658145877643781 0.5686494964796764 1.005010313937821 1.004997793680154
465 0.001 0.5604227988224011 0.96766589031904 0.5656523936594774 0.5686568218680004 1.0053114390431301 1.0052973707123165
466 0.001 0.5605291693864274 0.9655399877228774 0.5657597568222231 0.5674075177166096 1.0029124745521698 1.0029082394654523
467 0.001 0.5591733789988211 0.9647159727246617 0.5643913148536568 0.5669232785233665 1.0044861846790931 1.0044761442741612
468 0.001 0.5593846070478321 0.9639039562389371 0.5646045139807838 0.5664460903547061 1.0032617103270005 1.0032563996108808
469 0.001 0.5589141975797247 0.9628942464769352 0.5641297148787592 0.5658527261057298 1.0030542819878596 1.0030496247808407
470 0.001 0.5584137208861648 0.9627225662043202 0.5636245679784586 0.5657518367810369 1.0037742655722197 1.0037671564477766
471 0.001 0.5573900819435949 0.961416811660456 0.5625913769317623 0.5649844993803058 1.0042537488960372 1.0042447209075998
472 0.001 0.55740261739993 0.9599041299443343 0.5626040293629205 0.5640955595243148 1.0026511188749985 1.0026476093114889
473 0.001 0.5567932197300252 0.9592280954384478 0.5619889450883397 0.563698282284891 1.0030415850907577 1.0030369664947518
474 0.001 0.5561909968891996 0.9587208140146686 0.5613811025948774 0.563400174182575 1.0035966148100905 1.0035901586012925
475 0.001 0.5558182283930364 0.9570947486718069 0.56100485560318 0.5624446035054722 1.0025663733351189 1.002563084419364
476 0.001 0.5554725553738535 0.9559231932798866 0.5606559569303652 0.5617561293404977 1.0019622950519531 1.0019603716381704
477 0.001 0.5548149901223951 0.9549839019746287 0.559992255597628 0.5612041470769914 1.0021641218557034 1.0021617826751361
478 0.001 0.5542135035502724 0.9538346700210241 0.5593851562433724 0.560528791464208 1.0020444504257422 1.002042362671126
479 0.001 0.5541305746446596 0.9533608983911108 0.5593014534852726 0.5602503756679574 1.0016966202693944 1.0016951822291291
480 0.001 0.553552584067802 0.9520076897970284 0.5587180693795596 0.5594551515041899 1.0013192380290274 1.0013183684081572
481 0.001 0.5531356200153823 0.9511666251346469 0.5582972144200241 0.5589608929355245 1.001188754839463 1.0011880486901479
482 0.001 0.5525536839995766 0.9505389641271904 0.5577098480584328 0.5585920427804436 1.0015818166472799 1.0015805665640283
483 0.001 0.5524392096340307 0.9489079268969363 0.5575943054734064 0.5576335503328087 1.0000703824608987 1.0000703799841404
484 0.001 0.5520511845970759 0.947987213745364 0.5572026595742486 0.5570924856741666 0.9998022731977514 0.9998022536478745
485 0.001 0.5517995534682996 0.9472776777984109 0.5569486803453332 0.5566755210372686 0.9995095431272137 0.9995094228237399
486 0.001 0.5510640577413142 0.9462426931422669 0.5562063213275169 0.5560673037888018 0.999750061203218 0.999750029964613
487 0.001 0.5507857803895604 0.9455073551216628 0.5559254472259431 0.5556351763510375 0.9994778600685507 0.9994777237178996
488 0.001 0.5506057409802452 0.9445043755913503 0.5557437277758311 0.5550457671780862 0.9987440963111931 0.9987433071686118
489 0.001 0.5502270576398587 0.9433116925938521 0.5553615107454415 0.5543448772018675 0.9981694202354618 0.9981677431893413
490 0.001 0.5498916658907547 0.9431162379769376 0.5550229892825513 0.5542300166881448 0.9985712797312565 0.9985702583808413
491 0.001 0.5494792133249575 0.9417274500665371 0.5546066879086523 0.5534138840464159 0.997849279699936 0.9978469644112622
492 0.001 0.5489185143451323 0.9412835181574337 0.5540407567568022 0.553153003807604 0.9983976757334698 0.9983963909826485
493 0.001 0.5483971582725644 0.9403828048380092 0.5535145356412149 0.5526236922148711 0.9983905690474563 0.998389272870407
494 0.001 0.5482830816035857 0.9398970523907337 0.5533993944638679 0.552338235792726 0.9980824722944088 0.9980806320738209
495 0.001 0.5475966276644613 0.9377253951024613 0.5527065348681865 0.5510620435200726 0.9970246573102195 0.9970202243834205
496 0.001 0.5470199429182685 0.9372493821574608 0.5521244687785194 0.5507823105965707 0.9975691021538712 0.9975661439261273
497 0.001 0.5464640884893015 0.9361003736412385 0.551563427384536 0.5501070862886034 0.9973596126508271 0.9973561222201056
498 0.001 0.5458467528660549 0.9359330251536448 0.5509403310834674 0.5500087425730177 0.998309093638838 0.9983076628470094
499 0.001 0.5457993996460573 0.9356776834829361 0.5508925359860956 0.5498586889394151 0.9981233235537856 0.9981215609426183
500 0.001 0.545355140355241 0.934030124291894 0.5504441310821843 0.5488904872255895 0.9971774722104126 0.9971734832493745
501 0.001 0.5449728043095092 0.933048008751939 0.5500582272611675 0.5483133389482292 0.9968278116270956 0.9968227722446238
502 0.001 0.5444498820943409 0.9320151117644855 0.5495304253884934 0.5477063485354446 0.9966806626734831 0.9966751445150248
503 0.001 0.5439160673195147 0.9315323316695867 0.5489916293120567 0.5474226388406286 0.9971420502833637 0.9971379605008759
504 0.001 0.5436547798308311 0.9302413945115404 0.5487279036147479 0.5466640089985827 0.9962387649642578 0.9962316781922531
505 0.001 0.5429690235541784 0.9289104021372623 0.5480357481917875 0.545881840379166 0.9960697676753237 0.9960620291050714
506 0.001 0.5429367402393837 0.928402781864861 0.548003163624694 0.5455835331496693 0.9955846414115197 0.9955748721483872
507 0.001 0.5422867886154563 0.9278845251028542 0.5473471469661821 0.5452789752995448 0.9962214625980957 0.9962143104132479
508 0.001 0.5416625404759543 0.9263785055445624 0.5467170736445957 0.5443939505154151 0.9957507763317252 0.9957417291591036
509 0.001 0.541382908464584 0.9260086966824019 0.5464348322423762 0.5441766292949829 0.9958673883615243 0.9958588314408321
510 0.001 0.5407187489327043 0.9250259336040472 0.5457644750945783 0.5435991004863543 0.9960324009585844 0.9960245143921409
511 0.001 0.5401768257142976 0.9241513064844185 0.5452174949104823 0.5430851186635542 0.9960889438309786 0.9960812806652641
512 0.001 0.5400066787478863 0.9232101227898966 0.5450457602147729 0.5425320243219274 0.9953880278018216 0.9953773680768656
513 0.001 0.5396482013020432 0.9223807539601694 0.5446839376305735 0.5420446389055482 0.9951544399555703 0.9951426717176465
514 0.001 0.5392836607788922 0.921372596443689 0.544315995391358 0.5414521868464237 0.9947387022075748 0.9947248250744797
515 0.001 0.538678991724737 0.9206885916210013 0.5437056838576848 0.5410502257847563 0.9951160008957648 0.9951040449757884
516 0.001 0.5386451612430392 0.9193360549252247 0.5436715376862741 0.5402553964675562 0.9937165347421788 0.9936967315580459
517 0.001 0.537953686362016 0.9190254299392109 0.5429736102956897 0.5400728551388738 0.9946576498345174 0.9946433412611675
518 0.001 0.5373849450479611 0.9174048734494136 0.5423995617624319 0.5391205217845981 0.993954567427785 0.9939362383968321
519 0.001 0.5369216900435276 0.9176349834015127 0.5419319838860801 0.5392557477911671 0.9950616753126061 0.9950494516049284
520 0.001 0.5365302890422754 0.9165359045000514 0.5415369305197569 0.5386098650321075 0.99459489219906 0.9945802450190968
521 0.001 0.5361323265460669 0.9156277539004805 0.5411352544297762 0.5380761828605066 0.9943469372135196 0.9943309133621668
522 0.001 0.5357651407903177 0.9144931095652282 0.5407646422739295 0.537409399781667 0.9937953737541834 0.9937760651594514
523 0.001 0.5352251450894983 0.9145925776465447 0.5402196075940839 0.5374678530180211 0.9949062297306868 0.9948932233571691
524 0.001 0.5349644438902033 0.9140699463532655 0.5399564736571332 0.5371607244386033 0.9948222692847921 0.9948088300447295
525 0.001 0.5344756333943224 0.9127993796937517 0.5394631018178327 0.5364140654876173 0.9943480169080311 0.9943319991856472
526 0.001 0.5341032388314488 0.9123723733282532 0.5390872322487898 0.5361631316837588 0.9945758304220391 0.9945610796087776
527 0.001 0.5338337991197477 0.911676468589576 0.5388152782558564 0.5357541775385543 0.9943188308853993 0.9943026470726564
528 0.001 0.5331811726355227 0.910625297758088 0.5381565617765427 0.5351364483509756 0.9943880393921107 0.99437224803093
529 0.001 0.532842123779119 0.910073678183835 0.5378143490799941 0.5348122845697438 0.9944180282370938 0.994402405429678
530 0.001 0.5324426779552596 0.9090689417935209 0.5374111758206654 0.534221842963558 0.9940653767532149 0.9940477144671676
531 0.001 0.53224572630279 0.9081275395292323 0.5372123863105158 0.5336686201776095 0.9934034169293 0.9933815874752923
532 0.001 0.5317883772950154 0.9074127617495833 0.5367507695427306 0.5332485751346008 0.9934751944350012 0.9934538382185908
533 0.001 0.5315463362567243 0.9065306179982144 0.5365064698943922 0.532730176101316 0.9929613266475248 0.9929364676992349
534 0.001 0.5309010621713242 0.9051403536941507 0.5358551744229374 0.5319131758447039 0.9926435373466745 0.9926163786794291
535 0.001 0.5303048539499287 0.9047629091364797 0.5352534026744281 0.5316913674449826 0.9933451422977461 0.9933229248051014
536 0.001 0.5299556609534193 0.9039963423347217 0.5349009511775589 0.5312408881570401 0.9931574939015133 0.9931340035903607
537 0.001 0.529646973744093 0.9028071389620891 0.5345893834483115 0.530542043011002 0.9924290669388109 0.9924002985232282
538 0.001 0.5290569807184511 0.9021006370239775 0.5339938848927603 0.5301268613343619 0.9927582999210282 0.9927319835232814
539 0.001 0.5281777103009517 0.9007926970371045 0.533106409548471 0.5293582396400661 0.9929691899379347 0.9929443865990881
540 0.001 0.5280713121101144 0.9009634801186621 0.5329990185011142 0.5294586017230526 0.9933575547887163 0.9933354202357462
541 0.001 0.5278337488052784 0.899322711302375 0.5327592383702764 0.5284943904288193 0.9919947930804478 0.9919626226460433
542 0.001 0.5274139457033016 0.8987414978837478 0.5323355178685447 0.5281528355814591 0.9921427705898097 0.9921117808159261
543 0.001 0.5267571718650288 0.8984478810307337 0.5316726153340787 0.5279802892220676 0.9930552636989005 0.9930310649909317
544 0.001 0.5261689859762555 0.8970631451666122 0.5310789407787243 0.5271665377986725 0.9926331046485951 0.9926058687530397
545 0.001 0.5259886917847325 0.8959750956928474 0.5308969641689002 0.5265271365735428 0.9917689723424992 0.9917349574455713
546 0.001 0.52555656615732 0.8957439079676988 0.5304608061538781 0.526391277204774 0.9923283136060317 0.9922987729064766
547 0.001 0.52527562881005 0.8947420541735482 0.5301772472349948 0.5258025295799401 0.9917485752588027 0.9917143912201618
548 0.001 0.5246646892701392 0.8944791323374375 0.5295606067024221 0.5256480213997735 0.9926116383032864 0.9925842431563786
549 0.001 0.5244211442404776 0.8938211326603778 0.5293147890281921 0.5252613424758905 0.9923420870976539 0.9923126525791546
550 0.001 0.5240767214490916 0.8927619656315073 0.528967152249696 0.5246389142571317 0.9918175675480863 0.9917839539270795
551 0.001 0.5236494403070537 0.8920999553665752 0.5285358839264459 0.5242498784782885 0.9918907957274026 0.9918577822740167
552 0.001 0.5233363361985539 0.8914327369566308 0.5282198580816557 0.5238577820901791 0.9917419310827911 0.9917076918567261
553 0.001 0.5228131654148456 0.890864847577177 0.5276918053209202 0.523524057224062 0.9921019275743281 0.992070614142431
554 0.001 0.5222820010385476 0.8891246414132183 0.5271556843752504 0.5225014107543537 0.9911709694899475 0.9911318207774855
555 0.001 0.5219651942898054 0.8889931855082978 0.5268359213389676 0.5224241596102804 0.9916259283963125 0.991590718433325
556 0.001 0.5214266744369525 0.8881825332937296 0.5262923762789888 0.5219477731667895 0.9917448868575359 0.9917106721880546
557 0.001 0.5210447067875066 0.8873881367544527 0.5259068442919541 0.5214809395046262 0.9915842418949944 0.9915486797615972
558 0.001 0.5206771629382274 0.887365321694233 0.5255358707010217 0.5214675320467783 0.9922586851230221 0.992228604714051
559 0.001 0.5203773976390949 0.8864121343794977 0.5252333081369241 0.5209073836789738 0.9917638040258814 0.9917297463108115
560 0.001 0.5202470308140619 0.8859543182479683 0.5251017247916558 0.5206383442626216 0.9914999697805121 0.9914636903354563
561 0.001 0.5198909621394705 0.8847098215701408 0.524742333456198 0.519907005550863 0.9907853291090747 0.9907426775190783
562 0.001 0.5190832679436426 0.8836930144170765 0.5239271022483047 0.5193094704616354 0.9911864994827451 0.9911474886761793
563 0.001 0.5188915185935912 0.8834251480511739 0.5237335635859464 0.5191520565878559 0.9912522180806566 0.9912137881480676
564 0.001 0.5182358099336852 0.882606509301695 0.5230717361695771 0.5186709767914158 0.9915867001142371 0.9915511587968725
565 0.001 0.5182018761042855 0.8820898626727285 0.5230374856860738 0.5183673651492198 0.9910711551950657 0.9910311143008251
566 0.001 0.5179990414544591 0.8811053537428961 0.5228327582812778 0.5177888103766065 0.9903526551755242 0.9903058939837723
567 0.001 0.5168721349618863 0.8804816581614432 0.5216953360416873 0.5174222905367419 0.9918093085949998 0.9917756269441498
568 0.001 0.5169125920001534 0.8803898872647551 0.5217361706054919 0.5173683606142627 0.9916283166908665 0.991593126851055
569 0.001 0.5165817278830218 0.8802428226408665 0.5214022190242488 0.5172819368780679 0.9920976896609847 0.9920663425493353
570 0.001 0.5164735515863867 0.8795988112033228 0.5212930332786698 0.5169034782582239 0.9915794865071612 0.9915438840880946
571 0.001 0.5161144694720861 0.8780355260678334 0.5209306003835391 0.5159848008865044 0.9905058380264218 0.9904605535013234
572 0.001 0.5157182618131628 0.8774655550805619 0.5205306955061374 0.5156498527464269 0.9906233334520943 0.990579165439958
573 0.001 0.5155268405360403 0.8773068162845448 0.520337487978126 0.5155565685869321 0.9908118874737027 0.9907694819544636
574 0.001 0.5148817863373552 0.8767017045174725 0.5196864144452629 0.5152009696784857 0.9913689397257669 0.9913315306851962
575 0.001 0.5146828387514688 0.8759160008557956 0.51948561037661 0.5147392444573643 0.990863335144539 0.9908214042680155
576 0.001 0.5143430939206155 0.8744926767685683 0.5191426952111146 0.5139028163471785 0.9899066693757383 0.9898554733449604
577 0.001 0.5136337765288772 0.8739649680283037 0.5184267588121241 0.513592703964265 0.9906755298300278 0.9906318533279319
578 0.001 0.5130818464240292 0.8735253299601027 0.5178696783621567 0.5133343470363868 0.991242330811656 0.9912038137670826
579 0.001 0.5128397060470888 0.8726394824989256 0.5176252784481886 0.5128137714875611 0.9907046522630191 0.9906612487930703
580 0.001 0.5125268522897386 0.8720727332620299 0.517309505290704 0.5124807166355988 0.9906655713731926 0.9906218013100327
581 0.001 0.5121109507235815 0.8711765242260299 0.5168897227320396 0.5119540520220789 0.9904512113650219 0.9904054029755095
582 0.001 0.5116288759454619 0.8707196833056514 0.5164031494649649 0.5116855856965831 0.990864572043626 0.9908226525453748
583 0.001 0.5115170862482046 0.8699528419529088 0.5162903166002546 0.5112349450664955 0.9902082774531809 0.9901601026809622
584 0.001 0.5111136113191606 0.8690281487215543 0.515883076638078 0.5106915414812234 0.9899366050332822 0.9898857130008425
585 0.001 0.5108679873374058 0.8683513489013421 0.5156351606119782 0.5102938144985395 0.9896412298434044 0.9895872984523839
586 0.001 0.5103541820790269 0.8683613554967451 0.5151165607711303 0.5102996949566568 0.9906489789276768 0.9906050527528361
587 0.001 0.5098091028557974 0.8673332198450225 0.5145663951318992 0.5096955025819881 0.9905339862921626 0.990488970524467
588 0.001 0.5097390201626695 0.866304858463991 0.5144956584609336 0.5090911775556339 0.9894955752951022 0.9894401125236586
589 0.001 0.5091757997579407 0.86581481443136 0.5139271823554609 0.5088031991480458 0.9900297486038188 0.9899797966305014
590 0.001 0.508933388555306 0.8648304609741899 0.5136825090885839 0.5082247357402218 0.9893752011178154 0.9893184564920537
591 0.001 0.5086110507545527 0.8644781159309787 0.5133571633871846 0.5080176772766777 0.989598886523222 0.9895445121655113
592 0.001 0.5078262097449624 0.863735486746009 0.5125649986204233 0.5075812651261863 0.9902768751131061 0.9902293746076497
593 0.001 0.5077874967246316 0.8627915471952292 0.5125259243488878 0.5070265512829558 0.9892700587332859 0.9892121824087106
594 0.001 0.5072061943938024 0.862293618163676 0.511939197585515 0.5067339391908777 0.9898322722323528 0.9897803167537933
595 0.001 0.5068879437749274 0.861096336877381 0.5116179772056009 0.5060303469924154 0.9890785107988104 0.9890185438715503
596 0.001 0.5068767966149608 0.8612647501940955 0.5116067260257223 0.5061293164635948 0.9892937108065852 0.9892360900401442
597 0.001 0.5061503863980761 0.8605353115635808 0.5108735372995982 0.5057006558509535 0.9898744384452016 0.9898229140902879
598 0.001 0.5062360630690819 0.8607806433428777 0.5109600134639102 0.5058448270895121 0.989989067168444 0.9899387056977147
599 0.001 0.5052985140646342 0.859737443002814 0.5100137157050517 0.5052317818267957 0.9906239112184555 0.9905797486620107
600 0.001 0.5054497559831361 0.8595572601552703 0.5101663689400772 0.5051258958939915 0.9901199425266747 0.9900708924500484
601 0.001 0.5052288293591118 0.8582095997116994 0.5099433807355197 0.5043339321465191 0.9889998599826715 0.9889390238394241
602 0.001 0.5049250064839725 0.8588778223711415 0.5096367227320763 0.5047266186901083 0.9903654822681424 0.9903188456414763
603 0.001 0.5046763792488491 0.8581826006557094 0.5093857754276983 0.5043180659291332 0.9900513329130363 0.9900015975242198
604 0.001 0.5046027356511331 0.8594134726154152 0.5093114446235031 0.5050413979631909 0.9916160402335575 0.991580746893905
605 0.001 0.5045503428773372 0.8588008902370348 0.5092585629456513 0.5046814088885452 0.9910121215623141 0.9909715482489044
606 0.001 0.5048215280621662 0.8589157832975616 0.5095322786996246 0.5047489267408406 0.9906122690185761 0.9905679964626639
607 0.001 0.5045308713888517 0.8596326198821771 0.5092389097586413 0.5051701816575266 0.992010178281461 0.9919781316324077
608 0.001 0.504721349941974 0.8593521881848574 0.5094311657656075 0.5050053836633591 0.991312305960714 0.9912744033035092
609 0.001 0.5047790951502975 0.8605722738793702 0.5094894498243203 0.5057223770599327 0.9926061810196727 0.9925787453127906
610 0.001 0.504945739012328 0.859518088036566 0.5096576487263711 0.5051028760761482 0.991063074081974 0.9910229605135472
611 0.001 0.504689385110396 0.8601130788156297 0.5093989026536623 0.5054525273027215 0.9922528781856762 0.9922227525439652
612 0.001 0.5051681928161997 0.8602677807211876 0.5098821783616806 0.5055434391503246 0.991490702371091 0.9914543436042381
613 0.001 0.5047364269630634 0.8607853867069934 0.5094463834781745 0.5058476145664604 0.9929359221530949 0.9929108831163289
614 0.001 0.5049431150982855 0.8602396901987959 0.5096550003272303 0.5055269315237279 0.9919002682189874 0.9918673320042727
615 0.001 0.5046184268649085 0.8611727740135393 0.5093272822601056 0.5060752659043616 0.9936150752786825 0.9935946263644451
616 0.001 0.5047244175293599 0.8599960749124875 0.509434261978237 0.5053837689963964 0.9920490369726768 0.9920173019039668
617 0.001 0.5047491778968833 0.860325367837504 0.5094592533975493 0.5055772806930231 0.9923802096465271 0.9923510680174596
618 0.001 0.5045800851439708 0.8608521668356843 0.5092885827527496 0.5058868584585158 0.9933206350791388 0.993298253373476
619 0.001 0.5045963963857503 0.8598710906226188 0.509305046203158 0.505310320950153 0.992156517429416 0.9921256362118527
620 0.001 0.5042579176079016 0.8600258151927846 0.5089634089048622 0.5054012461167996 0.9930011416818207 0.9929765636639093
621 0.001 0.5041308625732199 0.8594759693805827 0.5088351682539729 0.5050781247014305 0.9926163838764637 0.9925890239754306
622 0.001 0.5039456527520088 0.8586880679504247 0.5086482301441789 0.5046151079435792 0.9920709009457155 0.9920393405169261
623 0.001 0.5036138258656138 0.8581788595110993 0.5083133068095745 0.504315867414723 0.9921358749784824 0.9921048306791799
624 0.001 0.5031840246374486 0.8578176218870794 0.5078794948839708 0.5041035831529035 0.9925653392800788 0.9925375990705455
625 0.001 0.5026967200465151 0.856552416611521 0.5073876430019952 0.5033600748633094 0.9920621477597356 0.9920305174723677
626 0.001 0.5022039576651878 0.8559283803188009 0.5068902824001624 0.5029933548016655 0.9923120885647192 0.9922824225387106
627 0.001 0.501789197587641 0.854774163912225 0.5064716519819287 0.5023150700340843 0.9917930610102681 0.9917592453248439
628 0.001 0.5011977262183791 0.8529612512938911 0.505874661287569 0.5012496970182737 0.9908574897633267 0.9908155050939782
629 0.001 0.5008112886280287 0.852310013200622 0.5054846176483004 0.5008669915947358 0.9908649523796639 0.9908230363798236
630 0.001 0.500296099598927 0.8513128528429661 0.5049646211240497 0.500281002106473 0.9907248571055314 0.9906816425571192
631 0.001 0.49932169526437065 0.8499784922605613 0.5039811241189456 0.49949685413183886 0.9911023056767333 0.9910625443023204
632 0.001 0.49878972591250204 0.8493172568123555 0.5034441906860619 0.4991082736804196 0.9913874922268273 0.991350244182219
633 0.001 0.4985321643471252 0.8484362220624462 0.5031842256805764 0.4985905263609667 0.9908707406051996 0.9908288778285775
634 0.001 0.4984460946143372 0.8470172591987648 0.5030973527866194 0.49775666115967937 0.9893843774025876 0.9893277310126738
635 0.001 0.49752295648067957 0.8458962151999003 0.5021656003738357 0.49709787043041403 0.9899082495104223 0.9898570695487487
636 0.001 0.4968128115069703 0.8440361169632524 0.5014488286702791 0.496004768397784 0.9891433383403619 0.9890840831322932
637 0.001 0.49584050360135734 0.8422922104728059 0.5004674476569804 0.49497994740077095 0.9890352503806191 0.9889748061355044
638 0.001 0.4951047079957789 0.8411317954960396 0.49972478596224895 0.49429801999241885 0.9891404906815248 0.9890812042996977
