Peak Method: Gauss
File Time(Hrs) PeakHeight_E2_30Hz PeakLocation_E2_30Hz PeakHeight_E2_100Hz PeakLocation_E2_100Hz Norm_E2_30Hz Norm_E2_100Hz NormalizedRatio_E2 KDM_E2
1 0.0 1.3330025497284201 -0.30682922833334925 2.3863129245407464 -0.307920941619814 1.0 1.0 1.0 1.0
2 0.0 1.317380813257746 -0.30652771214881724 2.359122609958145 -0.30773271935018426 0.9882807902551598 0.9886057212769637 1.0003287841117705 1.0003287300711583
3 0.0 1.3022336955729765 -0.306357782659686 2.3324553422642285 -0.3075518319340409 0.9769176329319758 0.9774306287651344 1.0005251167712257 1.0005249789336044
4 0.001 1.2883207437910476 -0.30622524375219823 2.308998254671104 -0.3074359489781181 0.9664803297289447 0.9676007831686526 1.0011593132371583 1.001158641622873
5 0.001 1.2761766995858619 -0.30608614660160677 2.2869716607877497 -0.3073380947943272 0.9573700364233094 0.95837039529419 1.0010449030498363 1.0010443574237078
6 0.001 1.264545527115737 -0.30601631860138356 2.2644649530496967 -0.30723240804063506 0.9486444923705284 0.9489388125765192 1.0003102534282946 1.0003102053071646
7 0.001 1.252482141173164 -0.30592797095691915 2.24251073343491 -0.3071283809458705 0.9395947077733189 0.9397387536114897 1.0001533063532384 1.00015329460272
8 0.001 1.2416707091038068 -0.3058037837444616 2.2219654586316406 -0.30700623322015463 0.931484121584598 0.9311291221620757 0.9996188883800633 0.9996188157431886
9 0.001 1.23013167817006 -0.30569354980026586 2.201236877866318 -0.30696943524031517 0.9228277008327413 0.9224426751533239 0.9995827762007252 0.9995826891447149
10 0.0 1.2185442331817071 -0.3057069545195349 2.181772060173923 -0.306954692620894 0.9141349605294962 0.9142858163054252 1.0001650257155044 1.0001650120998844
11 0.0 1.208460114097014 -0.3056547234442976 2.1626904560453366 -0.306918555063272 0.9065699944409109 0.9062895456016329 0.999690648443035 0.9996906005864399
12 0.0 1.1994887609143903 -0.3056380234182302 2.1427091737384982 -0.3068936818648734 0.8998398098779096 0.8979162588874925 0.9978623406418549 0.9978600534034208
13 0.0 1.1877992044504482 -0.3056008946766019 2.1243143484987446 -0.30684702531712643 0.8910704669638067 0.8902077873578025 0.9990318615216329 0.9990313926486093
14 0.0 1.1770528054488965 -0.30554963426651716 2.1060390841476457 -0.3067778456131931 0.8830086676793708 0.8825494185985518 0.9994799042210697 0.9994797689360795
15 0.0 1.167185648849119 -0.30548687849953204 2.0877072033623194 -0.3067173516072288 0.8756064638337835 0.8748673243531568 0.9991558542437086 0.9991554978022353
16 0.0 1.157336607965496 -0.30542127694228977 2.0698661813979924 -0.30667464684143286 0.8682178501468633 0.8673909276992013 0.9990475634110471 0.9990471096272189
17 0.0 1.1482296816232431 -0.3054140386255281 2.0524126215674374 -0.30666056805080366 0.8613859604823548 0.8600768995803142 0.9984802853051986 0.9984791296606969
18 0.0 1.1382700203372922 -0.30541003742764483 2.0356739794436223 -0.3065574888358111 0.8539143609059099 0.8530624623907589 0.999002360711855 0.9990018628214228
19 0.0 1.1285868934083516 -0.30528189996232385 2.0179697347389554 -0.30637904566637664 0.8466502135635711 0.845643383139837 0.9988108070988416 0.9988100995882803
20 0.0 1.1190669955137535 -0.30513271958472316 2.000527072068978 -0.30618029802367025 0.8395085183758629 0.8383339215471859 0.9986008518043993 0.9985998723113346
21 0.0 1.1098643611457983 -0.30486688678983687 1.9837003539104925 -0.30595797883644754 0.8326048298796705 0.8312825755206694 0.9984119064512367 0.9984106444285717
22 0.0 1.102815046531836 -0.3047460397616084 1.9670079897095234 -0.30585148798523937 0.8273165319575109 0.8242875313966128 0.9963387646156047 0.9963320500014432
23 0.0 1.094130953355986 -0.3046736964081957 1.9516037293914914 -0.3058228242864236 0.8208018458621097 0.81783227560865 0.9963821106538319 0.9963755542319669
24 0.0 1.0862023224375255 -0.3046711344177203 1.9357554862075885 -0.305755008267068 0.8148538970603044 0.811190965904076 0.9955048001004316 0.9954946739297824
25 0.0 1.0777723272412882 -0.3046212803858694 1.9196747547925963 -0.3057203542502769 0.8085298317402834 0.8044522304894459 0.9949567708070081 0.9949440215780196
26 0.0 1.069765219375282 -0.30452342037438035 1.9049372712888655 -0.3056353528765593 0.8025230106223211 0.798276391875754 0.9947084149733302 0.9946943773967679
27 0.0 1.0614111201677514 -0.3044301030780939 1.8888575531839182 -0.3055655132019352 0.7962558814189804 0.7915380810953094 0.9940750198098838 0.9940574149605654
28 0.0 1.0536157367208812 -0.3042835769705911 1.873697014887842 -0.30539590754642065 0.7904078930198146 0.7851849586107577 0.9933921024129676 0.9933701978862728
29 0.0 1.0441182782194585 -0.30406400371979597 1.8587546310699101 -0.30507078974395146 0.7832830315532272 0.778923255183573 0.9944339706159484 0.9944184370442382
30 0.0 1.035306080235837 -0.30383556141197415 1.8427353771827382 -0.3050397131125301 0.7766722430101619 0.7722102823280725 0.9942550274942283 0.9942384776003397
31 0.0 1.0262662706059045 -0.3037585272570282 1.827843812973331 -0.3050144398878941 0.7698907033711161 0.7659698751894014 0.9949072924708058 0.9948942915308244
32 0.0 1.0191914201192176 -0.3038518298943483 1.8139070315824584 -0.3051272118411013 0.7645832487918819 0.7601295760201067 0.9941750322429735 0.9941580175633081
33 0.0 1.0118102283332953 -0.3039609953368688 1.8002132913134201 -0.3052275711351986 0.7590459812244447 0.7543911248185847 0.9938674908753867 0.9938486292066271
34 0.0 1.0066618511359269 -0.30407410073563645 1.7856373006386181 -0.3053230324174517 0.7551837401518996 0.7482829608284797 0.990862118771212 0.9908201767037207
35 0.0 0.9997599980612979 -0.304157550956759 1.7717620750496454 -0.3054064549772184 0.7500060658285945 0.7424684570195783 0.9899499362039308 0.9898991792575035
36 0.0 0.9918789407106591 -0.30423559818210255 1.7579453955293376 -0.3054261586790884 0.7440938060566651 0.7366784873227219 0.9900344302377132 0.9899845252817094
37 0.001 0.9851401656102552 -0.30425080051693526 1.7443004079472029 -0.30539587285096503 0.7390384705647887 0.7309604662527229 0.989069575355269 0.9890095099938585
38 0.001 0.9765766190893036 -0.3042383082846077 1.730923270389397 -0.3053999387694294 0.7326142168957342 0.7253546894829473 0.990090927468556 0.9900415881559255
39 0.001 0.9686354910852188 -0.3042214961301673 1.7176001996272647 -0.30533077210834275 0.7266568929538538 0.7197715697566456 0.9905246571470347 0.9904795523944466
40 0.001 0.9609159335366688 -0.3041780337891673 1.7042784508830702 -0.30528264577425857 0.720865788090534 0.7141890040305858 0.9907378264161572 0.9906947329166722
41 0.001 0.953387362524521 -0.30412166122609097 1.6918104205417588 -0.30527225381961126 0.7152179586743925 0.7089641945711513 0.9912561422327368 0.9912177468465118
42 0.001 0.9455188590496633 -0.3041175411569076 1.6782833451351742 -0.30523338221477836 0.7093151166457251 0.7032955853676086 0.991513600744078 0.99147743781137
43 0.001 0.9395014764096358 -0.30408410356035004 1.6660549533070017 -0.30519800745875786 0.7048009597588883 0.6981711979905734 0.9905934268724846 0.9905489759982836
44 0.001 0.9293465362306967 -0.30406673958983577 1.6532077725040315 -0.3051503245970342 0.6971828646689667 0.6927875030564974 0.9936955398142834 0.9936756038624595
45 0.001 0.9244887280354642 -0.3040104047043845 1.6404475808024432 -0.3051433011226018 0.6935386044263872 0.6874402614728966 0.9912069163640366 0.9911680864869437
46 0.001 0.9171919541659684 -0.3040048480027074 1.6273232865777465 -0.30507636139113586 0.6880646660074529 0.6819404403514807 0.9910993458049395 0.991059557913257
47 0.001 0.9116325692591756 -0.3039638370350372 1.616409448478187 -0.3050446500528226 0.6838940926593932 0.6773669252909361 0.9904558798818169 0.9904101163812284
48 0.001 0.9012919087179923 -0.3039519521907612 1.6040217000949721 -0.3049888728664301 0.6761366727330097 0.6721757585098238 0.9941418438269655 0.9941246344224018
49 0.001 0.8962765119824766 -0.3038904690225386 1.591698785401403 -0.30491732153174544 0.6723741917561072 0.6670117607093506 0.992024632842092 0.991992702272432
50 0.001 0.8898448696167733 -0.30383724077961366 1.5804296705176446 -0.3048736014580219 0.6675492629763283 0.6622893645944625 0.9921205839425032 0.9920894185612972
51 0.001 0.88223350141471 -0.30379902196482605 1.5683703189404155 -0.3047953860495576 0.6618393202582038 0.657235814637451 0.9930443757573109 0.993020100979893
52 0.001 0.8752233287663316 -0.30371966337497447 1.556347763077106 -0.3047464353893194 0.6565803860950196 0.6521976841644229 0.993324957578062 0.9933026048797902
53 0.001 0.8692238301687716 -0.30368146787098704 1.544112905560095 -0.3046663010131858 0.6520796455684674 0.647070587298296 0.9923183336510917 0.9922887158952846
54 0.001 0.8634397917489143 -0.3036037479997681 1.5337048536699935 -0.30460603772070444 0.6477405402749061 0.642709025248715 0.9922322060866289 0.9922019191441247
55 0.001 0.8564855222065277 -0.3035602000357742 1.52256486528613 -0.304558456940315 0.6425235438454518 0.6380407404360653 0.993023129732247 0.992998706172878
56 0.001 0.8503738024872411 -0.3035370567783218 1.5119306766744487 -0.30451784358974027 0.6379386165919131 0.6335844143179271 0.9931745748560455 0.9931512018765868
57 0.001 0.8448243940863797 -0.3035031368077426 1.5029461955550285 -0.3045081158047909 0.633775527480049 0.629819408887573 0.9937578552327417 0.9937383120514105
58 0.001 0.8390891869571646 -0.30345842316728183 1.4910051113447254 -0.304404504859505 0.6294730547425561 0.624815419642281 0.9926007395150854 0.9925732633355188
59 0.001 0.8332901354262771 -0.3033807565448807 1.4804009068209345 -0.30432477185670376 0.6251226868216027 0.620371658551798 0.9923998466701617 0.992370855335549
60 0.001 0.8275033853198142 -0.30331665999796364 1.4701922459593237 -0.30429452714768873 0.62078154725841 0.6160936526135888 0.9924483988521816 0.9924197774435024
61 0.001 0.8220632407689306 -0.3032751406567827 1.4606345501653375 -0.30424728340912116 0.6167004263693374 0.6120884378340453 0.9925215090859528 0.9924934402163841
62 0.001 0.816918788914325 -0.30323752880543253 1.4507953352247087 -0.3041958490789959 0.6128411300344176 0.6079652506193918 0.9920438117220494 0.9920120348446826
63 0.001 0.8108073952964493 -0.30321444949649856 1.4415387509799908 -0.3041436128043821 0.6082564474176283 0.6040862185991049 0.9931439628199122 0.9931203793524399
64 0.001 0.80514074287509 -0.3031261588895809 1.4320569602731557 -0.3040894682706653 0.6040054034698776 0.6001128123415581 0.9935553703560308 0.9935345365974779
65 0.001 0.8000130658541289 -0.303099861991798 1.421908215974675 -0.30404478131746315 0.6001586913821882 0.5958599148300409 0.9928372668531266 0.9928115222793038
66 0.001 0.7946890794649719 -0.3030546929099913 1.4134452719378785 -0.30397710381285237 0.5961647107328326 0.5923134629168136 0.9935399601038363 0.993519026429922
67 0.001 0.7905565644731772 -0.30299107204900577 1.4034384046639072 -0.3039309580180037 0.5930645553785637 0.5881200198980624 0.9916627364834758 0.9916278360148018
68 0.001 0.7845521644503521 -0.30296592631248953 1.3940005111080636 -0.3038788819792732 0.5885601378708489 0.5841650090280358 0.9925324048300098 0.9925044178434556
69 0.001 0.7798745537291663 -0.30290022231431657 1.3848292489711416 -0.30383976573711713 0.5850510592707076 0.5803217317936861 0.9919163850708743 0.9918835800641922
70 0.001 0.774186951868137 -0.30285191973154824 1.375548276864981 -0.3037820179805198 0.5807842993442633 0.5764324798809484 0.9925069953367741 0.992478817207907
71 0.001 0.7697703700879018 -0.30281876381570993 1.36567269242201 -0.3037296746962243 0.5774710410304401 0.5722940517890537 0.9910350669149598 0.9909947009633224
72 0.001 0.7653069308557187 -0.30275306217904824 1.3889080802311882 -0.3035838034330823 0.5741226309069242 0.5820309926446415 1.013774690827332 1.0136804687138787
73 0.001 0.7483989671654586 -0.30248575087792723 1.5641709734629499 -0.30298839043312703 0.5614385113651388 0.6554760515174176 1.1674939254231533 1.154550768016989
74 0.001 0.7218972244633624 -0.30197474416327563 1.7141209653308982 -0.30246710779334873 0.5415572720475579 0.7183135739252581 1.3263852430776297 1.2805943203506973
75 0.001 0.7048400086654033 -0.30151348136888084 1.7992663018565669 -0.3020875810220247 0.5287611856473975 0.753994282708267 1.4259637491831054 1.3511707455039592
76 0.001 0.694362340647511 -0.30106278020619537 1.8430253100653515 -0.30174285345516855 0.5209009846147535 0.7723317805941347 1.4826844321773236 1.3888407450591758
77 0.001 0.6866182006791134 -0.30079531947343274 1.8703516547797805 -0.3014182711651306 0.5150914383614659 0.7837830636314119 1.5216386941407314 1.413729925189369
78 0.001 0.6798767579266828 -0.30047799725876384 1.8859815971724117 -0.30101703142586556 0.5100341016340875 0.7903328929651483 1.5495687257636646 1.4311072066504533
79 0.001 0.6742451441887811 -0.2999984811811126 1.8943993057426967 -0.3006955575442819 0.5058093432200477 0.7938603886610051 1.569485418373625 1.443268067840669
80 0.001 0.6684704483311144 -0.29979215299215806 1.8987156031197974 -0.30053570566591964 0.5014772465868917 0.7956691612376073 1.5866505741846066 1.453598626764295
81 0.001 0.663349050950537 -0.29966393429599586 1.8977271005925676 -0.30042805968241765 0.49763524539820625 0.7952549228043054 1.5980679225562988 1.4603943702656133
82 0.001 0.6584248997119382 -0.2995028454074522 1.894779887510551 -0.3003221863238949 0.4939412155258688 0.7940198739338461 1.6075189698201273 1.4659747268201353
83 0.001 0.6540604205149921 -0.2994654253156055 1.8897429049242087 -0.3002709739326863 0.49066704384642584 0.7919090935183598 1.6139439227677574 1.4697452898053658
84 0.001 0.6495799298639856 -0.29939203485509513 1.8834644534363687 -0.3002125457661626 0.48730584198531957 0.7892780674600116 1.6196770066298305 1.473094205935742
85 0.001 0.6450642488006049 -0.29934548733123995 1.8763100670132296 -0.3001422420146731 0.48391824076557644 0.7862799751521823 1.6248198743412905 1.4760859062743052
86 0.001 0.6406466092404732 -0.2992524698078621 1.8686450621760853 -0.3001010774371335 0.4806041889199654 0.7830679048665472 1.6293405736356383 1.478706014691309
87 0.001 0.6366441374642767 -0.2992342159450911 1.8605092859005534 -0.3001000826305361 0.47760159017999154 0.7796585547382117 1.6324454749917925 1.4805003416025277
88 0.001 0.6318829012943257 -0.2992268517971623 1.8514578619870294 -0.3000361435603626 0.474029776929581 0.7758654964932349 1.6367442178816813 1.4829776157758916
89 0.001 0.6281360983878017 -0.2991805720062629 1.8419605411029234 -0.30001337768950076 0.4712189774248934 0.7718855822135794 1.6380613243374915 1.48373502044933
90 0.001 0.623876413114182 -0.299131397413682 1.831444796034542 -0.29997357438018046 0.46802342069134656 0.7674788906350198 1.639830095471139 1.4847509667904943
91 0.001 0.6199009238738407 -0.29910770670203946 1.8200518591967105 -0.299934346894508 0.4650410638750364 0.7627046061224285 1.6400801248970538 1.4848944688161787
92 0.001 0.6155355047824632 -0.29907893699032634 1.8087494619617135 -0.2999084930485289 0.46176618709984435 0.7579682628211106 1.6414546668771584 1.485682888993521
93 0.001 0.6116388678507556 -0.29904486697384325 1.7976273973838828 -0.2998282578109499 0.4588429841903664 0.7533074890963187 1.641754401945446 1.4858547043380292
94 0.001 0.6072190581653885 -0.29897096170534937 1.7861109376560929 -0.2998225728027879 0.45552730434694255 0.7484814415107925 1.6431099395542001 1.4866312444518825
95 0.001 0.6030723243380313 -0.2989776281367695 1.7746447204594573 -0.29984708618063505 0.45241648221970654 0.7436764483857428 1.6437872571242707 1.4870189576634378
96 0.001 0.5993489878762178 -0.2989799930887732 1.7622871434754628 -0.29978673447903803 0.4496232869159376 0.7384979251263204 1.6424814875400156 1.486271325320145
97 0.001 0.5955009347989414 -0.2989341226487837 1.7501565087372681 -0.2997761898910168 0.4467365309393189 0.733414503495635 1.6417159840354674 1.4858326844471648
98 0.001 0.5915290593067759 -0.2989183471796329 1.7383700067099055 -0.29975827532426663 0.4437568851067024 0.7284752929226415 1.6416089921567703 1.4857713568221327
99 0.001 0.5879431869492433 -0.2988894367689117 1.7256770809943989 -0.29972593388381374 0.4410668134648566 0.7231562395893703 1.6395616661986518 1.484596874086077
100 0.0 0.584339117988224 -0.2988965011394487 1.7133165430177026 -0.2997405045918912 0.4383630909837904 0.7179764755066379 1.6378579544535308 1.4836181215721844
101 0.0 0.5803437574948668 -0.29890479572031 1.7002307797465193 -0.2997621740214335 0.4353658270294407 0.7124928010326785 1.6365381865042377 1.4828590685790277
102 0.0 0.5766556793261561 -0.2989064961115515 1.6870346016460671 -0.29980438946015653 0.43259908200748853 0.7069628565041369 1.6342218139332505 1.4815249881985233
103 0.0 0.5732067613168239 -0.2989804369095262 1.6743746502995034 -0.2998380444624771 0.43001175161563376 0.7016576212953053 1.6317173162339116 1.4800799176546235
104 0.0 0.5695957722677214 -0.29900745422733016 1.6619977489739859 -0.299851044572247 0.4273028377805941 0.6964710000444903 1.6299236477388084 1.4790432971545868
105 0.0 0.5661663857485935 -0.2990092892942868 1.6497536528765253 -0.29985539771707714 0.42473015964143623 0.6913400316909509 1.6277158944271601 1.4777654203473178
106 0.0 0.562869845551229 -0.2990042940137755 1.6369792197396453 -0.29987864370596334 0.422257140967889 0.6859868221409761 1.6245712756179123 1.4759415615191225
107 0.0 0.5590529226818913 -0.29902526817638697 1.6248328115410495 -0.29983204099512006 0.41939373844092814 0.680896790538799 1.6235263622914193 1.4753345506670068
108 0.0 0.5560104684519782 -0.29897406333850246 1.612219028670649 -0.2997857941006111 0.41711133153140423 0.6756109025311196 1.6197375891243389 1.473129516251656
109 0.0 0.5522407807213842 -0.2989707633284306 1.6014914983639053 -0.2997736973930524 0.4142833641495248 0.6711154609666783 1.61994306081877 1.4732492626194928
110 0.0 0.5489481994052988 -0.2989135276575724 1.5904931168068166 -0.29973299860733765 0.41181331537373206 0.666506517418671 1.6184676224317753 1.4723889782967057
111 0.0 0.5458041298552504 -0.29888008583831893 1.578277241723997 -0.2997208083758451 0.4094546780622813 0.6613873752654387 1.6152883596187326 1.4705319452486165
112 0.0 0.5423983726490963 -0.2989167041353501 1.5658750857140686 -0.2998178207301485 0.4068997263055514 0.6561901708743527 1.612658177070394 1.468992218306472
113 0.0 0.5392032229709338 -0.2989978468593481 1.554227709294986 -0.2998679671859657 0.40450276939139285 0.6513092617952032 1.6101478434255239 1.467519757520535
114 0.0 0.5360603754093964 -0.2990427327195589 1.5417017446153303 -0.29993945601431166 0.40214504879875207 0.6460601745733057 1.606535195455353 1.4653957456725561
115 0.0 0.5332793571834966 -0.2991166433126567 1.5300319571502445 -0.29997741822733587 0.4000587675486026 0.6411698739991127 1.602689219706247 1.4631280716445043
116 0.0 0.5297877881086557 -0.2991684673697231 1.5178692294293354 -0.2999858772954032 0.39743944091974337 0.6360730035946373 1.600427481788558 1.4617913677604943
117 0.0 0.5267053690762659 -0.2991552677486255 1.5065796038942327 -0.2999657329837832 0.3951270529704346 0.6313420123574861 1.5978202646750344 1.4602475951120635
118 0.0 0.5237392891248988 -0.29914121603102173 1.4939315535937756 -0.2999257525310257 0.3929019409839861 0.6260417643596711 1.593379159165791 1.4576108025458665
119 0.0 0.5208657382011777 -0.2990972993912484 1.482342527722872 -0.2999018430871672 0.3907462429890299 0.6211853074584313 1.5897409600323935 1.4554439761612425
120 0.0 0.5175986751126211 -0.2990084045411313 1.4704863141421816 -0.2997959242953915 0.3882953376331308 0.6162168838041983 1.5869798683661052 1.4537954667090875
121 0.0 0.5149254184950364 -0.29899181025155125 1.4603608192605189 -0.2997654965186618 0.3862898976449407 0.6119737291124843 1.5842343608866039 1.4521527689045692
122 0.0 0.5117466732259425 -0.29894479247933325 1.4478442154622613 -0.29978266629259687 0.38390524709064017 0.6067285646290097 1.5804122741926496 1.4498601095627226
123 0.0 0.508840458740973 -0.2989414544625422 1.4366462410110457 -0.2997444220822298 0.38172504534566853 0.6020359803765186 1.5771456123119953 1.447895229167303
124 0.0 0.5061157544333439 -0.29889822790924975 1.4255666400575429 -0.299694912815447 0.3796810100149153 0.597393001310546 1.5734076383938143 1.4456407370825284
125 0.0 0.5031830949067205 -0.29889100264483687 1.4140337694462854 -0.2996604942185931 0.37748096956696503 0.5925600766372335 1.5697747023300297 1.443443311830731
126 0.0 0.5006333172760412 -0.29882595263415784 1.4020441928303222 -0.2996293164557294 0.375568161799869 0.5875357663329717 1.564391836404 1.440175973415542
127 0.0 0.49771706928574794 -0.2988057418859686 1.3905103391370655 -0.2995950793615431 0.37338043305854934 0.5827024296927334 1.5606131926076603 1.4378741734410472
128 0.0 0.4950396949491102 -0.298778197698886 1.3791851235501154 -0.29957337015893676 0.37137190401471276 0.5779565242121563 1.556274230667862 1.4352226564694726
129 0.0 0.49229122515846235 -0.2987507926339627 1.3676022743536904 -0.2996026633127259 0.36931004014865504 0.5731026556866551 1.5518198624006247 1.4324912353973922
130 0.0 0.48951115315503235 -0.29875908600996354 1.3577863561766825 -0.2995269322226788 0.36722446874146125 0.5689892311327915 1.5494316952321052 1.431022879537931
131 0.0 0.4871340038565562 -0.2987236193323058 1.3476066958225204 -0.2995020756219844 0.3654411643517131 0.564723378046436 1.545319556564588 1.428488089173844
132 0.0 0.4844774799568022 -0.2986816422604488 1.3375210591164932 -0.2994674395311236 0.36344827701605475 0.5604969261832681 1.5421642132547764 1.4265375229719202
133 0.0 0.48166638399293554 -0.29866050872072225 1.3260900450427449 -0.2994650115971652 0.36133943186460377 0.5557066851565392 1.5379076739257345 1.4238985361462562
134 0.0 0.47926227963816637 -0.29866985345370933 1.3158215046589157 -0.29945070563989784 0.35953590616597775 0.5514035863138737 1.5336537376584614 1.4212523043118361
135 0.0 0.476988872166643 -0.2986464673370384 1.306569269273311 -0.2994209773939094 0.35783042745403787 0.5475263767113714 1.5301280570437217 1.4190523523644407
136 0.0 0.4743573902458095 -0.29864368122156326 1.2961866055182991 -0.29944407424765496 0.3558563262631815 0.543175453725439 1.5263897636140982 1.4167130275742388
137 0.0 0.47196049006977353 -0.29861168832745144 1.2861243595981555 -0.299380232178717 0.3540582050393892 0.5389588039237034 1.522232209994241 1.4141031963075543
138 0.0 0.46945195970918074 -0.29857624182146125 1.2764900521105553 -0.29940315890674735 0.3521763404014679 0.534921484514115 1.518902388230636 1.4120067459979113
139 0.0 0.4671914643254975 -0.29856153291176873 1.267581466685942 -0.29933117494797157 0.350480548158502 0.5311882836698343 1.5155998997970315 1.4099220228452323
140 0.0 0.4647030972901847 -0.29849250615216555 1.2582453281870905 -0.2992645235034933 0.34861380976717654 0.5272759139203187 1.5124929051791223 1.407955703375477
141 0.0 0.4621879760719674 -0.29842918316273037 1.2480330674740097 -0.29922465740033516 0.3467270007593995 0.5229963994408645 1.5083809403230806 1.4053458804049124
142 0.0 0.4600128187571663 -0.298423140910626 1.2392449325883155 -0.2991847789077501 0.3450952279505296 0.5193136741807708 1.5048416556348785 1.4030926701487811
143 0.0 0.45758174197323537 -0.2983849690684249 1.2302977691400856 -0.2992120885399112 0.3432714679101409 0.5155643069639999 1.5019142432745403 1.4012241783456396
144 0.0 0.45542726587403365 -0.298405876170223 1.2205492673152782 -0.29920692757123285 0.3416552098619919 0.511479133672369 1.4970622982127968 1.3981176589535274
145 0.0 0.4529119431356651 -0.2983804410054163 1.2121318562119898 -0.299164713296374 0.33976824967659613 0.5079517626319978 1.4949947886993118 1.3967902385538544
146 0.0 0.4510585905125145 -0.298354274470034 1.2016026454050022 -0.2991560670776717 0.33837789027816273 0.5035394281478212 1.4880979006456 1.3923462179835855
147 0.0 0.44882047931329283 -0.2983265511355647 1.1927003102683247 -0.2991303165064061 0.33669889033950723 0.49980884652747865 1.4844386508773493 1.3899783564438395
148 0.0 0.44648019997792737 -0.2983068361689872 1.1835704285077548 -0.29909497082864794 0.3349432452840328 0.4959829100098164 1.480796872285696 1.3876148649306472
149 0.0 0.4443980186012746 -0.2982865346669448 1.1753613483928946 -0.2990813119690417 0.3333812217327073 0.49254284142935556 1.4774162709867869 1.3854146568566983
150 0.0 0.4422538461472656 -0.2982563445823185 1.1660598578382475 -0.29906453968923474 0.3317726933360843 0.4886449911269116 1.472830648639056 1.3824205664057767
151 0.0 0.4399615954500408 -0.2982429309444007 1.1582373748249375 -0.2990299125911762 0.3300530786979189 0.4853669285841227 1.4705723409668747 1.3809419648749999
152 0.0 0.43822153973478295 -0.29820900405117096 1.1493711041482282 -0.2989856641952268 0.3287477130663135 0.4816514600110245 1.4651096900980356 1.377354153420685
153 0.0 0.4358619571878108 -0.2981536672380292 1.1416631150093806 -0.29897338679748037 0.32697758700957574 0.47842137687331904 1.4631626015984642 1.3760714792420896
154 0.0 0.43396952968348707 -0.2981735928820484 1.1329196304365612 -0.2989355943230864 0.32555791417796015 0.47475736261814666 1.458288500885988 1.3728516817459115
155 0.0 0.431973259495955 -0.2981259505927107 1.1243686946891889 -0.2989014568755438 0.32406034000757405 0.4711740372045201 1.4539700760466636 1.3699882736777358
156 0.0 0.4299388282319888 -0.2980866618348138 1.1162291105419697 -0.29885574935786596 0.3225341379276301 0.4677630913627104 1.4502746728399543 1.3675299572174657
157 0.0 0.42794293524071947 -0.2980487892966657 1.1089537225702009 -0.29884758323696375 0.3210368467246418 0.46471429256647995 1.4475419170967392 1.3657072542623587
158 0.0 0.42600774039302997 -0.2980368810514659 1.100021423890583 -0.2988055022207987 0.3195850904259882 0.46097115452797777 1.4424050693777053 1.3622700222206996
159 0.0 0.424313307557673 -0.2980351784903974 1.0927410403985136 -0.2988138579763732 0.31831395044527155 0.4579202623263733 1.4385805638923908 1.359701516846621
160 0.0 0.4224479703443057 -0.29799746272949873 1.0846600932763815 -0.29880391036730947 0.31691460037370023 0.45453388871249056 1.4342472330921707 1.3567815357362498
161 0.0 0.42052729236797765 -0.29798856159448217 1.078626847555473 -0.29874071457044715 0.31547373443033094 0.45200561773056575 1.4327836786373935 1.3557929810510703
162 0.0 0.4187050243175055 -0.2979275204164663 1.0703007142050824 -0.29868595566025524 0.3141066942466168 0.44851649722806797 1.427911297159178 1.35249335316316
163 0.0 0.41692630111886314 -0.2979179729236569 1.0618897934409015 -0.29868905010254454 0.3127723208059923 0.4449918460066446 1.4227340989123713 1.3489727569378314
164 0.0 0.41470253809670204 -0.2978807429738046 1.0559246857149311 -0.29865833779538403 0.31110408467049944 0.44249212869604987 1.42232825121762 1.3486961364590702
165 0.0 0.4129950085237373 -0.2978639259010328 1.0483223850431256 -0.2985697945209652 0.3098231196991176 0.4393063349999995 1.4179262523294858 1.3456898256734224
166 0.0 0.41137893675419585 -0.297797969835665 1.040857099963067 -0.29858660115006336 0.3086107651016934 0.4361779585815986 1.4133595062306699 1.3425594116114756
167 0.0 0.4098027161404656 -0.2977831363713114 1.0340942371696038 -0.2985169438695919 0.3074283062879039 0.4333439368051944 1.4095772183039372 1.3399577446139967
168 0.0 0.407861702355088 -0.29773755778706884 1.0268883979152237 -0.2984794217116275 0.3059721847030104 0.430324282852741 1.4064163488273682 1.3377772504125582
169 0.0 0.40635526024357504 -0.2977064778782467 1.020703485470335 -0.29843336739582565 0.304842072752497 0.42773245494061624 1.4031280232367882 1.3355027442057061
170 0.0 0.4045745194410932 -0.2976774199026752 1.012774967155711 -0.2984226570144158 0.3035061857334927 0.4244099576130078 1.398356862438646 1.3321914838258035
171 0.0 0.40314875872908595 -0.29764770726437756 1.0051967235974628 -0.29835795940805016 0.3024365998483811 0.421234245207349 1.392801815053218 1.3283195562474794
172 0.0 0.40158511991319656 -0.29756282200374073 0.998143166132833 -0.29828853561794344 0.30126357972459517 0.41827840593241933 1.388413449494277 1.3252480843101262
173 0.0 0.39995465203952935 -0.29752292486208776 0.992106764498144 -0.29828039259113953 0.30004042536978964 0.41574881244423467 1.385642657757995 1.323302952773672
174 0.0 0.39823992649727336 -0.2975157725939397 0.9857646132765739 -0.29825344274547144 0.2987540620821835 0.41309109259687204 1.3827128900534775 1.3212412973892864
175 0.0 0.3965558462234329 -0.2974790163502794 0.9783289012190493 -0.2982245570527169 0.2974906884493397 0.4099751089465066 1.3781107270398552 1.3179925330983282
176 0.0 0.39498346469233414 -0.29746632556749175 0.9716457767834519 -0.29825638987306097 0.29631110966202295 0.40717450204920136 1.3741452438743553 1.3151831126083842
177 0.0 0.39344688432501274 -0.29748911116368465 0.9649838324497434 -0.29819631005456393 0.2951583884105637 0.4043827708117776 1.3700534583800592 1.3122743557295051
178 0.0 0.3917226812592587 -0.2974498143124398 0.9584994547357856 -0.29815732096720254 0.29386491521645364 0.4016654500248545 1.3668370371093725 1.3099808152042374
179 0.0 0.3903270004623023 -0.29737553102992936 0.9521944120960414 -0.29813872491090687 0.29281789486586185 0.39902328077081267 1.3627011455485085 1.307022448634151
180 0.0 0.38887519398646986 -0.29738959350242905 0.9466644181610084 -0.29812267839289075 0.2917287698104535 0.39670590073311407 1.3598449717210543 1.3049733995522734
181 0.0 0.3872013466489378 -0.29736041290866433 0.9388243948181765 -0.29811921248164014 0.2904730727843127 0.393420487800801 1.3544129375907097 1.3010626827028766
182 0.0 0.38571088381246105 -0.2973612198083806 0.9336326530946766 -0.29807650454491774 0.2893549482640105 0.3912448545591971 1.3521277479665605 1.2994120946627823
183 0.0 0.38411520190623655 -0.2973121958209339 0.9273608037460888 -0.29804484391935787 0.2881578898588712 0.3886165951703766 1.348623823420925 1.2968749783974611
184 0.0 0.38267269404019877 -0.29726921793436234 0.9215976109316589 -0.29795229874329776 0.28707574049139123 0.3862014916208122 1.3452947677144231 1.2944574579432724
185 0.0 0.38137864409922984 -0.29721729545790715 0.915984066543488 -0.29793404424885805 0.2861049621975068 0.3838490992206196 1.3416373357258904 1.2917935501912257
186 0.0 0.3798851134632837 -0.29717988705462467 0.9092779957358139 -0.2979039954299815 0.2849845362566484 0.3810388764963872 1.337051060739784 1.2884413322429438
187 0.0 0.3784220148114977 -0.29713583285656847 0.9044443423351718 -0.29788781185793317 0.28388693996766595 0.3790133025027449 1.3350853778124263 1.28700053625135
188 0.0 0.376906717925559 -0.29711671889884594 0.8984142624604723 -0.29786597345348653 0.28275018528835394 0.37648635818932885 1.3315158672853955 1.284377963656222
189 0.0 0.3755957521229131 -0.29709086670421503 0.8924416028872596 -0.29778637842245176 0.28176671694996774 0.37398347622787687 1.3272805258056213 1.2812557593952525
190 0.0 0.3742134398613362 -0.29702674402139034 0.8863189615041824 -0.2977848358530003 0.2807297254889548 0.37141774341047806 1.3230438734749923 1.2781211987974708
191 0.0 0.37275018095281687 -0.2970260192565521 0.8802864194208351 -0.29774339224799684 0.2796320089775967 0.368889767292464 1.3191972143719009 1.2752652619569034
192 0.0 0.3715350338808156 -0.29702432806709284 0.8743338542022588 -0.2977501943281424 0.27872042252020485 0.3663953060014236 1.3145621073922673 1.2718113343233401
193 0.0 0.37038237212749714 -0.29701873735228257 0.8688001213958854 -0.29774436972854446 0.2778557116810895 0.3640763591652963 1.310307270498607 1.2686285711524743
194 0.0 0.36866820348339574 -0.29696121587143154 0.8635055893762125 -0.29766420331908716 0.27656976617074475 0.3618576509794485 1.3083774701391255 1.2671811470422467
195 0.0 0.36748377061241555 -0.29691018051745693 0.8587016941344793 -0.2976525776548964 0.27568122108039855 0.3598445473364476 1.3052921991792252 1.2648620415996907
196 0.0 0.36612453380233956 -0.29688867328472884 0.8523375582999847 -0.29758818764095163 0.27466154050262853 0.3571776146936051 1.3004282071671658 1.2611932910848145
197 0.0 0.36473083357883024 -0.2968335619385687 0.8475837449208411 -0.2975624343144063 0.27361600595073043 0.3551854981818704 1.2981166688246595 1.259444329236015
198 0.0 0.36357349227214014 -0.29680288603356325 0.8422285483545469 -0.2975409351120364 0.2727477845756656 0.3529413681219685 1.2940210263158183 1.2563368190116495
199 0.0 0.362241023351706 -0.296763763774279 0.8368417740981998 -0.29749334421379137 0.27174818489695113 0.35068400522502835 1.2904741400867508 1.2536366903280114
200 0.0 0.360948018952878 -0.2967386388829668 0.8323731378676983 -0.29745338975395097 0.27077819095426026 0.3488113940580074 1.2881812705400948 1.2518867488781371
201 0.0 0.35974856271691813 -0.29670217868181353 0.827511988363838 -0.2974149424694401 0.26987837554415156 0.3467742976429193 1.2849280604410178 1.249397839147744
202 0.0 0.3585271018813594 -0.2966670798689401 0.8215764987323938 -0.297381032016147 0.2689620525890247 0.3442869919880725 1.280057869405632 1.2456585625860783
203 0.0 0.3572731381639263 -0.2966149373204038 0.8172289137055232 -0.2973354761482489 0.26802134642331743 0.34246510811770486 1.2777531069365262 1.2438834183482612
204 0.0 0.35595043358237344 -0.29655623187165764 0.8126007869358756 -0.297265149881633 0.26702907181602403 0.3405256613996939 1.2752381569685682 1.2419422829434998
205 0.0 0.35473999166221565 -0.2965171035122004 0.8082349883763286 -0.2971961430362743 0.26612101509819974 0.3386961450296281 1.2727147643888546 1.2399903134894177
206 0.0 0.35355277072281344 -0.2964694338546726 0.8037791014241142 -0.2972137510084719 0.26523037843764413 0.3368288765308532 1.2699483313901085 1.2378453532682774
207 0.0 0.35229661271246576 -0.29647449136155074 0.7989046181831619 -0.29716400528414116 0.26428802614386676 0.3347861925262437 1.2667474853514584 1.2353570365250448
208 0.0 0.35099088434843884 -0.2964373317100969 0.7941365810926004 -0.2971583867142718 0.2633084868591948 0.33278811547543985 1.2638715882082432 1.233115331790604
209 0.0 0.34983550381934087 -0.29640786062314733 0.7891732559789829 -0.2971104429013464 0.2624417364322482 0.3307082017044608 1.260120460260086 1.2301828286003413
210 0.0 0.34882277034096904 -0.2963795677244278 0.7846362971239402 -0.29705498414419834 0.261681997841667 0.32880695949586997 1.2565134866282146 1.227353825402133
211 0.0 0.3475852203927855 -0.2963400030374862 0.779729400339265 -0.2970589246894695 0.26075360505769546 0.3267506923842884 1.253101341828007 1.224669292170106
212 0.0 0.3463147871733252 -0.29630008224587623 0.7759784786874442 -0.29698074880786307 0.2598005437002966 0.32517884419403364 1.2516480510878254 1.2235234329505875
213 0.0 0.3453642853219207 -0.2962304747810627 0.7718471268304362 -0.2969562946478069 0.2590874904119903 0.32344757424426246 1.2484106188605608 1.2209655271833304
214 0.0 0.34404245886424467 -0.2962052750831697 0.7664884085593701 -0.29693208001876015 0.2580958745610339 0.32120196839099935 1.2445064026586845 1.2178709781082018
215 0.0 0.34284359830701594 -0.29620392728843714 0.7624624695523784 -0.29685139510216835 0.25719650602083644 0.31951487238377035 1.2422986506585174 1.2161163059946178
216 0.0 0.34156032716089896 -0.2961097533001688 0.7577873804871063 -0.2968213885651204 0.2562338138291535 0.31755574580938284 1.2393202172025444 1.2137436310931125
217 0.0 0.34071346919494483 -0.2961124046533726 0.7529281836591647 -0.29681837549022333 0.2555985127443006 0.3155194676758783 1.2344338951280294 1.2098373960753015
218 0.0 0.33962589231915935 -0.2961143845551979 0.7490988119897433 -0.2967837960010081 0.2547826276764086 0.31391474449391826 1.2320884958161729 1.2079563567942755
219 0.0 0.3382713218287521 -0.29609487758897374 0.7453133066141969 -0.2968218341254015 0.2537664477068479 0.3123284037686025 1.2307710754946044 1.2068980345223796
220 0.0 0.3373576674158513 -0.29609433164376003 0.7413746810231816 -0.2967754642275554 0.2530810368551681 0.3106778970179955 1.2275826781750883 1.204331520804904
221 0.0 0.3364869358114229 -0.2960780984110642 0.737610689579881 -0.2967450957744606 0.25242782609829006 0.30910057184635015 1.2245106913292234 1.201851753020859
222 0.0 0.33515371419026874 -0.2960505432449365 0.7333755270825804 -0.2968028164002523 0.25142766175394893 0.3073257993704748 1.222322942617303 1.200081579822477
223 0.0 0.33416325542801345 -0.2960376959511923 0.729856330834216 -0.296744971177413 0.250684633346046 0.30585105722237965 1.2200630455085841 1.198249365894175
224 0.0 0.3331136683437747 -0.29604473046255664 0.7254125932114063 -0.29675350708714415 0.24989724769216815 0.30398887997935736 1.2164554943551085 1.195316797387883
225 0.0 0.3320148903384271 -0.29601681844024413 0.7212427985939857 -0.29671796045598203 0.24907295969244045 0.302241500340024 1.2134657279266163 1.192879180583991
226 0.0 0.33099681557570104 -0.2959981321312507 0.7168956087883264 -0.2966129523322765 0.2483092141445167 0.3004197820896835 1.2098615958521712 1.1899318909800267
227 0.0 0.32997162569527105 -0.2959741630555764 0.7133609627037927 -0.29663010836190107 0.2475401309341066 0.2989385655869426 1.2076367757376596 1.188107734043595
228 0.0 0.3288945136846411 -0.29589606748032415 0.7094848354283465 -0.2966325807613281 0.24673209646271763 0.29731424916323124 1.2050084015241074 1.1859479550122394
229 0.0 0.3279080491138712 -0.29593020588623486 0.7057192464157346 -0.2966116120630818 0.2459920644417955 0.29573625451974306 1.2022186780326711 1.183649952704353
230 0.0 0.3268691199991209 -0.2959251453887751 0.7020486305628536 -0.2966345714822869 0.24521267424860943 0.2941980589984715 1.199766936598873 1.1816255470297583
231 0.0 0.3261075791026228 -0.2959291491422449 0.6973967092864832 -0.29661233908352025 0.24464137684437473 0.2922486410371764 1.1946002136142586 1.1773445681879107
232 0.0 0.32493387037679344 -0.29593448950068185 0.6945376238887838 -0.29660484466674697 0.2437608768587832 0.2910505226477998 1.1940001463664436 1.1768460651087318
233 0.0 0.32386700892239106 -0.2959145158640425 0.6916078129947576 -0.296596789668129 0.24296053221231592 0.2898227662777545 1.1928800272156428 1.1759148013770253
234 0.0 0.32312910458733535 -0.2959221385932127 0.6871828834979253 -0.2965927868280438 0.2424069666282095 0.28796847070263254 1.1879545984513835 1.171808499668518
235 0.0 0.32201706282199544 -0.29587922463520894 0.6836849860049841 -0.29659811852792267 0.24157272833994334 0.2865026539369565 1.1859892294373038 1.1701648177701034
236 0.0 0.32108548504057277 -0.29588067888495484 0.6802383424975633 -0.29657255072629596 0.24087387162611898 0.2850583154883081 1.1834339422698847 1.1680233495675971
237 0.0 0.3200127656740371 -0.29590601509193415 0.6767082862440803 -0.2966445455236242 0.24006913245532427 0.28357902238421434 1.18123900179873 1.1661798653419213
238 0.0 0.31925370477146475 -0.2959045603243331 0.6737114760136271 -0.2965958651550406 0.2394996955080904 0.28232318950511703 1.178803960089294 1.1641303792030615
239 0.0 0.3181164650224721 -0.2959156612409912 0.6711223856658916 -0.2966124696671381 0.23864655404243879 0.28123821430295076 1.1784717170185406 1.1638503870619878
240 0.0 0.31715509623032717 -0.2959385461638865 0.6668860734677009 -0.29659652033406547 0.23792534852610964 0.27946296003741644 1.1745825393074858 1.16056648681
241 0.0 0.3162109929294797 -0.29590066739250115 0.6634737322727996 -0.2965668149287681 0.23721709534156785 0.2780329961966272 1.1720613802992939 1.1584314162204616
242 0.0 0.3154103919300824 -0.2959083778647577 0.6601505047223682 -0.29658090857590363 0.23661649559060685 0.27664037600995534 1.1691508460534286 1.1559604269672465
243 0.0 0.3143439727090364 -0.29590397029413557 0.6574690553273298 -0.2965618126498174 0.23581648270146177 0.2755166971464406 1.168352160926929 1.1552811982855788
244 0.0 0.3134411631319852 -0.2958975333738568 0.6541469218643986 -0.2966099936746836 0.23513920749502265 0.27412453544427384 1.1657967991155895 1.1531046672368277
245 0.0 0.31257791017042247 -0.2959052757258338 0.6504919113994049 -0.2965654706274977 0.2344916071121587 0.27259287946261035 1.1624845887649513 1.1502758351288418
246 0.0 0.3116220171323984 -0.29588845900681143 0.6470100112315318 -0.2965744254996843 0.23377450943052347 0.2711337664803751 1.1598089421334221 1.147984332332253
247 0.0 0.31064266697843035 -0.2959371839193653 0.6443864887272931 -0.2966347127032389 0.2330398145462807 0.27003436225838123 1.1587477564043185 1.147073928330315
248 0.0 0.3099564432079548 -0.29596350199421684 0.6414267425257061 -0.29664196761571293 0.23252501900398007 0.26879406130239636 1.155979096158231 1.1446944420158547
249 0.0 0.30913628162352175 -0.29593801665645675 0.6385220199517077 -0.2966167906659882 0.23190974517378363 0.26757681835654196 1.1537972160507135 1.1428149455339367
250 0.0 0.3080891546382681 -0.2959289188663148 0.635097548243399 -0.296605257376106 0.2311242050519984 0.2661417711449665 1.1515097308180675 1.1408403863090677
251 0.0 0.30739740822249817 -0.29594658531971224 0.6319746061450372 -0.29663537547509855 0.23060526649789673 0.2648330818837025 1.1484259917633668 1.1381718451856402
252 0.0 0.3064341730897039 -0.2959536152535366 0.6292360330466199 -0.29664229035684464 0.2298826608787323 0.26368546495959594 1.1470437307087518 1.1369732051616963
253 0.0 0.30569082693099753 -0.2959677696415145 0.6260600605279109 -0.29662251460734007 0.2293250129140995 0.2623545529547002 1.1440293826690981 1.1343539261479674
254 0.0 0.30476326919378155 -0.2959689993674761 0.623110739363846 -0.2966512782423469 0.22862917198160845 0.26111862067870484 1.1421054383196119 1.132678285370572
255 0.0 0.30373924232149885 -0.2959471106551914 0.6200152346645221 -0.29660022448109247 0.22786096124375854 0.25982142923851703 1.1402630262784161 1.1310708306000237
256 0.0 0.3031045568059066 -0.29595809322540534 0.6185308289076393 -0.29661796336569934 0.2273848289845055 0.259199379321418 1.139915008749684 1.1307668838973508
257 0.0 0.30204018210138217 -0.29596355850746836 0.6150467457164955 -0.2966039050244141 0.22658634986326054 0.2577393515290386 1.1374884307222308 1.1286448419987707
258 0.0 0.30108965442327723 -0.2959902126835528 0.612254504671031 -0.29663936174100947 0.2258732772001223 0.25656924470157716 1.1358990664232425 1.1272523299996735
259 0.0 0.30037051035564283 -0.29596997603939357 0.6099812519158335 -0.29663797010926696 0.22533378530809184 0.2556166233031765 1.1343910233153893 1.1259291496706514
260 0.0 0.29953359573205657 -0.29597849822426237 0.6070617188735871 -0.2966115724862409 0.22470594358058968 0.25439317393397515 1.1321159106000163 1.1239293885882935
261 0.0 0.2985301430381152 -0.29595266925070934 0.6048006493327722 -0.2966390310487281 0.2239531673055962 0.2534456579910483 1.1316904379620047 1.1235549361359494
262 0.0 0.297872831215258 -0.2959972270575578 0.6020003141324269 -0.2966517454455915 0.22346006110486827 0.25227215925517554 1.1289362314135678 1.1211273776180293
263 0.0 0.29703121828357215 -0.2959683656822665 0.6000734895451643 -0.2965866147365189 0.22282869477188016 0.251464710840742 1.1285113485863112 1.1207523264291397
264 0.0 0.29625758595698337 -0.2959622689154459 0.5967329375291506 -0.29663069734212083 0.22224832654471782 0.25006483072373825 1.1251595663800131 1.117788394208167
265 0.0 0.29538676052454377 -0.29597487195344074 0.594277429663466 -0.29659876482499603 0.22159504539936892 0.24903583413220484 1.123833042762219 1.1166127847800729
266 0.0 0.2945698725173346 -0.2959820726599202 0.5911066658632409 -0.2965744207853833 0.22098222736134218 0.247707104874773 1.1209367732081514 1.1140409037514316
267 0.0 0.29359689881669593 -0.295974193805429 0.5896191337104616 -0.2965985990030077 0.2202523160038306 0.2470837448210761 1.1218213243068864 1.1148271279125546
268 0.0 0.29278376142199075 -0.2959455451749598 0.5869967116582682 -0.2965582900858662 0.2196423116232157 0.24598480175069143 1.119933586260305 1.1131484373261666
269 0.0 0.29211659470704526 -0.29595437419013954 0.5848071850739711 -0.2965682752313233 0.2191418124193084 0.24506726635045953 1.1183044606820403 1.1116973153556493
270 0.0 0.29135905194560924 -0.29593107223609927 0.5823669489304247 -0.29656159463154785 0.21857351436047096 0.24404466947372508 1.116533584536904 1.1101173970385179
271 0.0 0.2904792562354468 -0.29595626033639416 0.5797269255509554 -0.29661622796538323 0.21791350383735403 0.2429383504523095 1.114838438987395 1.1086025644988569
272 0.0 0.2898327348485408 -0.2959487648072429 0.5775445484363442 -0.2965785934484987 0.21742849247181859 0.24202381108399457 1.1131191148527317 1.107063642610242
273 0.0 0.2890589217323113 -0.29597198464009145 0.5753754868194457 -0.2965919450883504 0.2168479886187786 0.2411148516618702 1.1119072544673358 1.1059774327027074
274 0.0 0.28814614591296656 -0.29596366875093444 0.5727994431086625 -0.29661200142641997 0.2161632368757825 0.2400353437380387 1.1104355542009867 1.1046566468055905
275 0.0 0.28745675279344957 -0.2960090633124562 0.5704492112901227 -0.29663530901396173 0.21564606373184708 0.23905046376091163 1.1085315429553475 1.1029451452295829
276 0.0 0.2868705091224346 -0.29596654647186194 0.5680967106154108 -0.2965969355030838 0.2152062718716332 0.23806463300480293 1.1062160546454909 1.1008596002401745
277 0.0 0.286132158003643 -0.2959847572181418 0.5664579862452224 -0.2966382546140542 0.21465237111657307 0.23737791486598056 1.1058713846541472 1.100548766107608
278 0.0 0.2852817231903935 -0.29600639105096954 0.5639907633770044 -0.2966025248057872 0.21401438673055465 0.23634400902620356 1.1043370150800285 1.0991637882452592
279 0.0 0.28477531317026283 -0.2960006221171928 0.561345177459433 -0.2966081293604839 0.21363448496650037 0.23523535898690476 1.1011113632885232 1.0962456013090809
280 0.0 0.28388338131399926 -0.29600057365534593 0.5584089955547556 -0.29660160921227924 0.21296537007512578 0.23400493280327989 1.0987933518051887 1.0941430005200043
281 0.0 0.2832778713343576 -0.2960150195478043 0.5561104999489626 -0.2966185137400155 0.2125111248977516 0.23304173322364577 1.0966095696673404 1.0921579020386412
282 0.0 0.28251070418170704 -0.2959946941461009 0.554354144288124 -0.2966175560632251 0.21193560675428902 0.2323057209250171 1.0961146382275655 1.0917074252282672
283 0.0 0.28181802178497967 -0.2960213238688004 0.5517693938721472 -0.2966714720900324 0.21141596604027202 0.23122256439956926 1.09368544263835 1.0894933314531647
284 0.0 0.2810278834104936 -0.29604370214505266 0.5498569923367584 -0.2966118835318648 0.21082321520521394 0.2304211600591235 1.0929591403623793 1.0888303441473626
285 0.0 0.28064553040975565 -0.29603240753728444 0.5486546955312102 -0.2965884091813336 0.21053637929419797 0.22991732973863874 1.0920551142249784 1.0880044828638094
286 0.0 0.27965348771553056 -0.2960120913714275 0.5464041828206565 -0.2966305751409333 0.20979216264252898 0.22897423770430853 1.0914337066750412 1.087436390054555
287 0.0 0.27906091326153554 -0.2960040875142162 0.5441984161901554 -0.29664000498693377 0.20934762151684566 0.22804989680676022 1.0893359817245865 1.0855161472410448
288 0.0 0.27823902256311084 -0.29599449858415394 0.5420041072732049 -0.2966104137082924 0.20873105052934668 0.22713035733882864 1.0881483936521226 1.0844273270233953
289 0.0 0.2776787872333375 -0.2960132000804814 0.540498093441527 -0.2966349980731707 0.2083107697655271 0.22649925241700963 1.0873141732996108 1.0836617452384614
290 0.0 0.27701164485301677 -0.2960037488371142 0.5381854810689033 -0.2966336960879779 0.2078102888171173 0.22553013711413344 1.0852693502226467 1.081782576637922
291 0.0 0.2763361648378075 -0.29601931623391536 0.5367569827734139 -0.2966609415538251 0.20730355309080764 0.22493151558348723 1.0850345410382707 1.0815665538048367
292 0.0 0.2758773374887938 -0.29606609040081605 0.5344265324337842 -0.29667696760153606 0.20695934718579478 0.22395492516415733 1.0821203690940568 1.078881480929739
293 0.0 0.27492152298519895 -0.29605092912172143 0.531702605005576 -0.2966384019216176 0.2062423084195977 0.22281344560370425 1.080347903934399 1.0772446798753645
294 0.0 0.2741604606227545 -0.29605744724191685 0.5306880354840071 -0.29666635268882313 0.20567137000496413 0.22238828362635624 1.0812797309659026 1.078105532626488
295 0.0 0.27363612489444766 -0.29606324675437834 0.5290261188405239 -0.29668975722670954 0.20527802062358924 0.22169184661409677 1.0799590036022657 1.0768851727017554
296 0.0 0.2730578078895124 -0.29606967177911336 0.5268163598981332 -0.29662317390099174 0.20484417523818235 0.22076583271220424 1.0777257027470222 1.074818059616107
297 0.0 0.2723621999675192 -0.29604627922350735 0.5243931657428217 -0.2966531450533033 0.20432233983574077 0.2197503773918263 1.0755083245840296 1.0727612832862647
298 0.0 0.27177880021395723 -0.2960551709050638 0.5235528619049366 -0.2966306383481631 0.20388468144290361 0.21939824258618387 1.0760898809733517 1.0733011433374722
299 0.0 0.270824218091682 -0.29607202456046633 0.5210804612170975 -0.2966595910546878 0.20316856719205714 0.21836216694731314 1.074783220481608 1.0720877436672627
300 0.0 0.2704720504185977 -0.2960574232806943 0.5188037043549442 -0.296616219379489 0.20290437589463156 0.21740807713003088 1.0714804753295764 1.0690139020675093
301 0.0 0.26955002219472907 -0.2960520119562789 0.5171416224667474 -0.2966215119371641 0.20221268312625956 0.21671157087089615 1.071701178781074 1.0692196147933466
302 0.0 0.2693708651834781 -0.29607811041736776 0.5151969585066464 -0.2966742955813742 0.20207828202456063 0.21589664675088566 1.0683812460591164 1.0661205434824004
303 0.0 0.26844650336628906 -0.2960861344600574 0.5143626153304938 -0.29668319089796935 0.2013848386268887 0.21554700979943128 1.0703239194623844 1.0679351852155057
304 0.0 0.2680138815696622 -0.2961016066371058 0.5125546632391803 -0.29671402176024664 0.20106029176333245 0.21478937567998257 1.068283417855628 1.0660290724821684
305 0.0 0.2675745163488167 -0.2961050782275791 0.5109119708170508 -0.29668872716720507 0.20073068607658034 0.2141009947031056 1.0666081947302486 1.0644613670845748
306 0.0 0.2667331389055159 -0.2961261527087152 0.5084673560265941 -0.29670356277952076 0.20009949640370825 0.2130765629258159 1.0648530693746772 1.0628161590154377
307 0.0 0.26637092466863793 -0.296116866615907 0.5070787288056238 -0.2967059956473069 0.19982776831365187 0.2124946496290769 1.0633889945442565 1.061441632878591
308 0.0 0.26551609375213925 -0.2961195488747807 0.5058385999193837 -0.29671166706410373 0.19918648603202918 0.21197496552835124 1.0642035499048146 1.062206607393709
309 0.0 0.2651910589372622 -0.2961334495048161 0.5032422076334304 -0.29668359593122046 0.19894264942800824 0.21088693040133494 1.0600388152448377 1.058289013586088
310 0.0 0.26443041601452044 -0.2961541949133371 0.501820383793505 -0.29675711859143883 0.19837202567121442 0.21029110584483884 1.0600844808298693 1.0583320552035471
311 0.0 0.2638259887214479 -0.2961709096991881 0.5003162086929238 -0.2966825403330996 0.19791859271026796 0.20966077145528234 1.0593283257738382 1.057619103307914
312 0.0 0.2631935090376061 -0.29618584380082835 0.4992780130522005 -0.29672640969226033 0.1974441152353594 0.20922570879855926 1.0596705227155332 1.0579418135642993
313 0.0 0.2626670215084764 -0.29616991858817837 0.49755344377784516 -0.29672819063818184 0.1970491516028915 0.2085030167925696 1.058126944960214 1.056485286393583
314 0.0 0.26192465466804504 -0.29615520190022865 0.4954407712160784 -0.2966953522042557 0.19649223830922782 0.2076176875718961 1.0566202988901765 1.0550614996076144
315 0.0 0.2612444693601424 -0.29618466904181356 0.4939093556344478 -0.29673894748228297 0.19598197273768692 0.20697593788103136 1.0560968184459465 1.054566319973537
316 0.0 0.26067152375042746 -0.29619816523966297 0.49272524664394424 -0.2967393125840718 0.19555215689837613 0.20647972928310346 1.0558806026895737 1.0543617198551984
317 0.0 0.2602159942706411 -0.2962025937511748 0.49127988406708584 -0.2967414897929708 0.1952104250090567 0.2058740406653223 1.0546262611526556 1.0531739150671713
318 0.0 0.2596161449691082 -0.296230266616151 0.4900166653676444 -0.2967459192965718 0.19476042639378385 0.20534468062773018 1.0543449941547476 1.052907368829847
319 0.0 0.2590274351139373 -0.2961987334654148 0.48874232387044125 -0.29675655555009717 0.19431878443646664 0.2048106595091678 1.0539931077848603 1.052573796455519
320 0.0 0.2585236388200575 -0.2961673771181831 0.48599742799415446 -0.2967438820014669 0.19394084345354623 0.20366039298374342 1.0501160526948274 1.0488909421775914
321 0.0 0.25778677065524924 -0.2962210792699039 0.4863025822742092 -0.2967805263850817 0.1933880551899691 0.203788269875712 1.0537789920661158 1.0523707684944363
322 0.0 0.257414862033107 -0.2962048806968603 0.4842176637564228 -0.29673822002148686 0.19310905450672358 0.2029145711682436 1.0507770942515728 1.0495198570277613
323 0.0 0.2567098256395965 -0.2962266085862511 0.4827359436244005 -0.2968040547865434 0.1925801459958928 0.20229364667976416 1.0504387440026062 1.0491980013059508
324 0.0 0.2562321145250147 -0.29624772501453916 0.48085697451236875 -0.29671250124805315 0.19222177375220945 0.20150625241444864 1.0483008687361697 1.047161888639897
325 0.0 0.255747519726869 -0.29627318671487457 0.47995129738008324 -0.29676184330814986 0.1918582374647174 0.20112672250327412 1.0483090283796712 1.0471696679654694
326 0.0 0.2552014648844337 -0.2962137327937024 0.47787253964813753 -0.2966996310300236 0.19144859470555947 0.20025560551330696 1.0460019611075877 1.0449676608156182
327 0.0 0.25461286180146847 -0.2962223138280798 0.4765240488640504 -0.2967342206450228 0.1910070328472681 0.1996905116523052 1.0454615658679989 1.0444511562833565
328 0.0 0.25392819509512626 -0.296220385893064 0.47578092783965814 -0.2966806532087716 0.19049340539285572 0.19937910193870476 1.0466456911068602 1.0455825757331092
329 0.0 0.25332628212190544 -0.2962500155776206 0.4732884152314106 -0.296793546408054 0.19004185863974302 0.19833459826837105 1.0436363845732972 1.0427046463868948
330 0.0 0.2528052542905295 -0.2962211469266087 0.47335041073674855 -0.2967452925523828 0.18965099079670547 0.1983605778893589 1.0459242899605496 1.0448934402762629
331 0.0 0.25238062555706353 -0.2962503290113038 0.4709578987780038 -0.2967614849059025 0.18933244021812443 0.19735798014363148 1.042388615053295 1.0415088634365393
332 0.0 0.2518655290283764 -0.2962091891491165 0.4684965915734474 -0.2967125271954933 0.18894602195598975 0.19632655330130733 1.0390615863139827 1.0383132972306095
333 0.0 0.2513756246694272 -0.2962249314067232 0.4685229372072893 -0.2967065587959242 0.18857850250972238 0.19633759361105504 1.041145151743543 1.0403157528590232
334 0.0 0.25048441497627416 -0.2961852878526929 0.4666533855978393 -0.29684459824075143 0.18790992937508388 0.1955541458116388 1.0406802155797548 1.0398692703238637
335 0.0 0.2500278226519032 -0.2961962557550371 0.46572097652256184 -0.2967188231554353 0.1875674001545179 0.19516341370534684 1.0404975147310853 1.0396937653084302
336 0.0 0.24949346277702636 -0.2962131354785824 0.4638144649899649 -0.29671486774561756 0.187166530797602 0.19436447760899905 1.0384574463218574 1.0377319098725843
337 0.0 0.24901120420772577 -0.2962377160893575 0.4637414348450742 -0.2967096378047601 0.1868047471165439 0.19433387385031353 1.040304793373759 1.0395086003862324
338 0.0 0.24834215949307242 -0.29623302655392664 0.46158363575046635 -0.29673063527417953 0.18630283906333753 0.1934296340616349 1.038253818536144 1.0375358732933642
339 0.0 0.24794335623524674 -0.2962415628028271 0.4611715880096845 -0.296745782925636 0.18600366239791633 0.19325696276754586 1.0389954707134348 1.038249688411314
340 0.0 0.24770447806598664 -0.2962502289927849 0.45944225347241474 -0.2967510387642503 0.1858244593128894 0.19253227384704202 1.0360975867168167 1.0354576194700214
341 0.0 0.24717689685256278 -0.29625902583240526 0.457711811513551 -0.29677311643387483 0.18542867521365317 0.19180712085429413 1.034398377884605 1.0338167570899983
342 0.0 0.24657875013170572 -0.2962816651641466 0.45772867637635245 -0.296784831416583 0.18497995385075786 0.19181418818508214 1.0369458105705776 1.0362756931272792
343 0.0 0.24604606569403148 -0.29629752896124256 0.45526174013561527 -0.296857818188223 0.18458034138356283 0.190780402458421 1.0335900401331164 1.033035213066757
344 0.0 0.24552791387594727 -0.2962927736737731 0.4539746325995028 -0.2968102551237906 0.1841916310857545 0.1902410316479645 1.032842971890474 1.0323123550068711
345 0.0 0.24499891504134433 -0.29631069642271185 0.4535322329646723 -0.296826551158056 0.1837947835067977 0.19005564119465013 1.0340643927340891 1.0334939177498716
346 0.0 0.24470728428319907 -0.29634300149333914 0.4517386721464725 -0.2968257548176341 0.18357600616221972 0.1893040378320924 1.0312025072863336 1.0307231870524025
347 0.0 0.24409253778515216 -0.2963125330552319 0.45066832311471405 -0.2968118977969351 0.18311483187701513 0.18885550108707835 1.0313501050199954 1.0308662745457036
348 0.0 0.24355632497832416 -0.296320042302578 0.4499555247017844 -0.2968834362508076 0.1827125724762831 0.1885567982616445 1.0319858984313737 1.0314824019753934
349 0.0 0.24328575786266385 -0.2963257101572031 0.4468248410899879 -0.2968864719066907 0.18250959678376444 0.18724486486866795 1.0259453101006728 1.0256130409555662
350 0.0 0.24272354987364114 -0.2963356448747527 0.44623041517220213 -0.29679339827643175 0.18208783615837235 0.18699576680961932 1.0269536436633706 1.0265952245603964
351 0.0 0.24242485420273113 -0.29635124396818163 0.44572502874910536 -0.2968057030009458 0.1818637588143561 0.18678398133173862 1.027054442014503 1.0266933551006316
352 0.0 0.24188318419563598 -0.29633077486606196 0.44581766663981304 -0.29691360546291945 0.18145740549777356 0.1868228018442351 1.029568351491322 1.0291375764404243
353 0.0 0.24136406378232134 -0.29633778197745936 0.4431394095002155 -0.29679313235877725 0.18106796857327523 0.18570046071619006 1.0255842719141135 1.025261128128663
354 0.0 0.24091293952442736 -0.2963333472877082 0.4425452636478463 -0.2968692348430497 0.18072954142023948 0.18545148002038148 1.0261270988850812 1.0257901874956001
355 0.0 0.24030715750518067 -0.29635867040150815 0.44083815982323665 -0.29681547636238564 0.18027509216253168 0.18473610702505724 1.0247455974589303 1.0244431670724323
356 0.0 0.2399676159043769 -0.2963463777003906 0.4417021755756587 -0.2968416552336236 0.18002037276917948 0.1850981784631895 1.0282068391254846 1.0278145587337104
357 0.0 0.23940747420886954 -0.29633591657923186 0.4381497967051254 -0.29682364947174894 0.17960016224848582 0.18360953092078178 1.022323858854586 1.0220774321153783
358 0.0 0.23906659736310448 -0.29635596204436127 0.43717579618412816 -0.2968611249882018 0.1793444411729076 0.18320136964780678 1.0215057040501228 1.0212769165152842
359 0.0 0.2386558912877495 -0.2963882895288152 0.43704384555418685 -0.2968290434839838 0.17903633517908285 0.18314607487544718 1.0229547800576544 1.0226943086261178
360 0.0 0.23805944595539533 -0.2963501405157078 0.4359497093475648 -0.2968619137119051 0.17858889017421345 0.18268756995961236 1.0229503625975873 1.0226899908390414
361 0.0 0.23761095848214173 -0.2963317728532935 0.434454165757337 -0.29681632951883896 0.17825244110039512 0.1820608526607838 1.0213652701577518 1.0211394451791334
362 0.001 0.23718053062032096 -0.29635563365134504 0.43320849102594094 -0.2968020032265313 0.1779295400962609 0.18153884453746288 1.0202850209091157 1.0200813456509097
363 0.001 0.2366857035312 -0.29632627605483197 0.43247680953938106 -0.2968862264675941 0.1775583276861858 0.18123222863682584 1.020691234246885 1.0204793626024677
364 0.001 0.23630219002013475 -0.29641330444403435 0.4313881024216311 -0.296898159888345 0.17727062117643952 0.1807759988161038 1.0197741600745864 1.01958056545674
365 0.001 0.2360342568177789 -0.29639184794206275 0.4274010674461988 -0.29704624347714265 0.1770696214091019 0.17910520579712047 1.0114959549346725 1.0114302540917075
366 0.001 0.23552995818146896 -0.296409352507465 0.42953762574975507 -0.29687592531305923 0.17669130357586696 0.1800005444937281 1.018728940535776 1.018555181094105
367 0.001 0.2352823163423929 -0.2963791728580615 0.44448861748032187 -0.29686533752515165 0.17650552610745437 0.18626585512286287 1.0552975832012563 1.0538098070597903
368 0.001 0.23434176013837518 -0.29634121911958816 0.4838899981446426 -0.29676845094147375 0.175799933905692 0.20277726075584526 1.1534547041674388 1.142519556014313
369 0.001 0.23423580185156634 -0.29604717531490027 0.497608904507133 -0.2964882421239311 0.17572044547048202 0.20852625797301896 1.1866932013215716 1.170753904762442
370 0.001 0.23401649837844823 -0.2958991873893641 0.503197432531532 -0.2964010326618952 0.17555592705064643 0.21086816710275916 1.2011452455371983 1.1827641732820842
371 0.001 0.23380887599778977 -0.29578139613974036 0.5060106238063766 -0.2963094784639608 0.1754001716241465 0.21204705326052742 1.208932986194045 1.1891709594631326
372 0.001 0.23329202687343042 -0.29565865360238985 0.5099922259545112 -0.2962683448445923 0.17501243858907867 0.21371556961778634 1.2211450302659965 1.199127051365496
373 0.001 0.23312790069275202 -0.29565114432107564 0.5126241228401827 -0.29614017108285506 0.17488931340772637 0.21481848317895644 1.2283110899871945 1.2049185062293133
374 0.001 0.23297695694367407 -0.29561209782436976 0.5143702551783875 -0.29618417706856565 0.17477607750348245 0.21555021132753566 1.233293562863263 1.2089233289726244
375 0.001 0.23275263088543205 -0.2956219449783357 0.5166838781056092 -0.2961968015823074 0.17460779121004083 0.2165197501099093 1.2400348724957602 1.2143135139930412
376 0.001 0.23241873329237306 -0.2955861985683629 0.5179463493405604 -0.29620386942432086 0.17435730587291448 0.21704879691763007 1.2448506005009767 1.2181442279021457
377 0.001 0.23206724095388392 -0.29557345610727803 0.5197519800586357 -0.29619110110219077 0.17409362120212316 0.21780545825047803 1.2510823587132198 1.2230770080369209
378 0.001 0.231963008226687 -0.29558093597140733 0.5207326394750819 -0.2962083120117277 0.1740154272577694 0.2182164099770354 1.2540061155255562 1.2253819222370042
379 0.001 0.23145871904929413 -0.2955926877876587 0.5191695497064219 -0.2961773819204042 0.17363711652048264 0.21756138701144478 1.252965905971957 1.2245625691018387
380 0.001 0.23116915280090697 -0.2956424881300091 0.5198882397045571 -0.29621280088449387 0.17341988794245317 0.21786255874409735 1.2562720535051426 1.2271641428231326
381 0.001 0.23074468878953452 -0.29558955578375334 0.5205774838252458 -0.2962470505101616 0.17310146093609904 0.21815139098969286 1.2602515877680787 1.2302855037700189
382 0.001 0.2305258931121106 -0.2956027334238708 0.5186082609027151 -0.2961916140847711 0.17293732345754095 0.21732617527624667 1.2566759501722249 1.2274814424752796
383 0.001 0.23024089062246325 -0.2955922753758773 0.5181841580161863 -0.2962390387803941 0.17272351854793638 0.21714845219468126 1.2572025744972044 1.2278949859469275
384 0.001 0.2296676572831431 -0.295629699795353 0.5185304380041736 -0.29620326510845973 0.17229348685787174 0.2172935630828746 1.2611826891757336 1.2310142302309437
385 0.001 0.229100098399756 -0.29558735860078317 0.5172811987429982 -0.2962530583049107 0.171867712065841 0.2167700612200936 1.26126110957392 1.2310755785501906
386 0.001 0.2288801185155333 -0.29566357512012925 0.5158861084456668 -0.2962093641340711 0.1717026862117888 0.21618543952903863 1.2590684764382896 1.2293586751710546
387 0.001 0.22856500802888335 -0.29565680891994234 0.5141562849420908 -0.2962470693973007 0.17146629470097424 0.215460545704014 1.256576670533196 1.2274034593050815
388 0.001 0.2280211274262706 -0.29563459953299237 0.5128369926721307 -0.29627037070310797 0.17105828302633522 0.2149076876708564 1.256341896275028 1.2272190191550494
389 0.001 0.22783285413358237 -0.29566909515699347 0.5121984621905401 -0.29627867490612386 0.17091704301690946 0.2146401073065949 1.2558145373797496 1.2268045826824858
390 0.001 0.22724558632284925 -0.2956652128588728 0.510748567563982 -0.29619323488743576 0.17047648286130226 0.21403251950381874 1.255495866124556 1.2265540539992696
391 0.001 0.226776668115667 -0.29566684102731944 0.5091683624024547 -0.2962656840009938 0.17012470693463372 0.2133703242211814 1.254199510851553 1.2255341726656004
392 0.001 0.22631299704598282 -0.2956612172050694 0.5074858665974586 -0.296189724387001 0.16977686733764372 0.21266526337702585 1.2526162528024967 1.2242869840686046
393 0.001 0.22588191402398455 -0.2956727536076268 0.5070607535282338 -0.29629019872313433 0.16945347484144327 0.2124871169718109 1.2539555011818673 1.2253420717921937
394 0.001 0.22562630755172058 -0.29566355105032033 0.5053318464585738 -0.29620350625622793 0.16926172241582632 0.21176260718439788 1.2510956651153493 1.2230875115673796
395 0.001 0.22481276234474437 -0.2956727028765218 0.502611238172339 -0.29622639290204394 0.16865141210010942 0.2106225185320438 1.2488630596642787 1.2213234448356587
396 0.001 0.22463655326612583 -0.2956787665458199 0.5005421111255669 -0.2961830259287658 0.1685192224965303 0.20975543734353191 1.2446973955618068 1.2180226127990526
397 0.001 0.2239445704783857 -0.2956741138186275 0.4985108948572074 -0.2962110906035133 0.16800010661945933 0.2089042429140543 1.2434768472334832 1.2170531401148388
398 0.001 0.223617844059955 -0.29563517883771523 0.4962905893173845 -0.29626646701190024 0.1677550009979455 0.2079738093916988 1.2397472990641027 1.2140842399178544
399 0.001 0.22319244144332281 -0.2956494515887457 0.4940599467726475 -0.2962018222410138 0.16743586986296088 0.20703904407999252 1.2365274194200153 1.2115130960311253
400 0.001 0.2228527502792998 -0.2956831588928864 0.49217885108594067 -0.29617261432755654 0.16718103826935873 0.20625075865968504 1.233697079494015 1.2092468863745418
401 0.001 0.22227392794012799 -0.2956658529213423 0.4900272477314242 -0.2961508622700976 0.16674681378922573 0.2053491152363144 1.2315024831352006 1.2074857499687348
402 0.001 0.22177324195125037 -0.29560846838226373 0.4888073417497441 -0.2962015816220253 0.16637120611392187 0.20483790567568444 1.2312100781154565 1.2072508370083583
403 0.001 0.22146114383899093 -0.295643620491157 0.4865153327181402 -0.29616032102968526 0.16613707444453907 0.20387742433728454 1.2271639248429416 1.203993897628313
404 0.001 0.2210934742692484 -0.29563975370803486 0.4859855621240204 -0.29617389328956045 0.16586125383953165 0.20365542051344748 1.2278661580026469 1.2045600066091369
405 0.001 0.22071856894592395 -0.29564995351281625 0.4841330013682632 -0.2962142596851314 0.1655800050726776 0.20287909284212427 1.2252632360596625 1.2024598550044288
406 0.001 0.22032348434089696 -0.29567516721464016 0.48155153838882253 -0.29626370886885034 0.16528361808894113 0.20179731393840508 1.2209153954375291 1.1989408474463819
407 0.001 0.21976623827091918 -0.295686365416731 0.48063728933637073 -0.2963400833594211 0.16486557982630518 0.2014141919081593 1.2216873414108638 1.1995666422351607
408 0.001 0.21948716254650463 -0.29570551197869455 0.4776735697074282 -0.29627387433895497 0.16465622109366704 0.2001722258615173 1.215697922203902 1.1946997558126988
409 0.001 0.21917215666537349 -0.2957350545599153 0.4769009105065799 -0.2962479192958307 0.16441990805645992 0.19984843798235766 1.215475913742343 1.1945188502441129
410 0.001 0.21869405218772833 -0.29572173497727045 0.4738744266764509 -0.29624103854226297 0.1640612407172695 0.19858017018771734 1.2104027088880494 1.190375000937176
411 0.001 0.2182284530121472 -0.2957340844318764 0.4724005137992821 -0.29626053128224067 0.16371195468201322 0.19796251738032097 1.2092123496102316 1.1893999457744682
412 0.001 0.2181089178863309 -0.2957329670391807 0.4700416085138249 -0.29627503445915143 0.16362228109073568 0.19697400273029403 1.2038336186076233 1.184980950364488
413 0.001 0.2175916896272774 -0.2956961623146717 0.4677060131322661 -0.2961542363269556 0.16323426363408572 0.19599525624757602 1.2006992397559928 1.1823958822998872
414 0.001 0.21690684711986719 -0.295584704653268 0.465908185229048 -0.29612449334135027 0.16272050429615367 0.1952418647352017 1.199860248588332 1.1817026774465187
415 0.001 0.21635929004532842 -0.2956108634539951 0.4642221682301528 -0.29616573755134235 0.1623097345833348 0.19453532831176942 1.1985438138455522 1.1806139250855066
416 0.001 0.21614081961321854 -0.2955917919137129 0.4617936497654413 -0.29603577355576366 0.16214584109929428 0.19351764180480016 1.1934789106696515 1.1764128296183016
417 0.001 0.21533285150661743 -0.29542400324995344 0.45961991577827777 -0.2959558903146342 0.1615397146468237 0.1926067243954324 1.1923180922817085 1.1754472518917622
418 0.001 0.21500908602100546 -0.29547692348102406 0.4591135252539093 -0.2960634861152347 0.16129683027598893 0.19239451814236275 1.1927978858181139 1.1758464718203454
419 0.001 0.2150051986451179 -0.29556603242121576 0.4571508059565966 -0.296108577893418 0.16129391402058615 0.19157202781549562 1.187720125577987 1.1716125599277851
420 0.001 0.2145245845573345 -0.2956586181412837 0.4560362206226074 -0.2961779704613296 0.1609333640067236 0.1911049535594218 1.1874787725896148 1.1714108268741468
421 0.001 0.21434982620758605 -0.2957432940911547 0.45740720539052654 -0.296241748120924 0.16080226271979503 0.1916794736711054 1.1920197541319133 1.1751989267158383
422 0.001 0.21381758326564745 -0.29571379388521885 0.4575923342289496 -0.2962936671496889 0.16040298145656937 0.19175705311867877 1.1954706288960022 1.1780671773270728
423 0.001 0.21362687969617292 -0.29581471174925383 0.4557943226265484 -0.29632084085760285 0.1602599182872503 0.19100358462596329 1.1918362786358592 1.1750461752145585
424 0.001 0.213377692673745 -0.2958532471647735 0.45528563937208133 -0.2964093865308445 0.16007298164374675 0.19079041758938742 1.1918964439233375 1.1750962683071438
425 0.001 0.21314757002140144 -0.29592909035037684 0.45473476519692607 -0.29650322718305355 0.15990034682591353 0.1905595701722318 1.191739567517621 1.1749656486192714
426 0.001 0.2126528464003487 -0.29598649529639587 0.45370557720791843 -0.29654545353049555 0.15952921203614623 0.1901282822307286 1.191808571007354 1.1750231051603186
427 0.001 0.2122693738721374 -0.29604174177198683 0.45229617189591764 -0.296564795236198 0.15924153627116783 0.18953766173938127 1.1902526575517525 1.1737266765966765
428 0.001 0.21213400568973584 -0.296075104636015 0.450838872700172 -0.2966030306286609 0.15913998494073028 0.18892697100357755 1.1871747447628644 1.171156644169424
429 0.001 0.21193262876810834 -0.2960972043333192 0.45052386175230374 -0.2965841980534447 0.1589889147708581 0.1887949636106541 1.1874724969520911 1.1714055808366097
430 0.001 0.21120905639294119 -0.29615629029139656 0.44768451316786345 -0.2966532956042296 0.15844610082401714 0.18760511606164215 1.1840311316339134 1.1685242751061304
431 0.001 0.211330433107183 -0.2961219281971646 0.446933512975902 -0.29664081810233595 0.15853715594935547 0.18729040453146598 1.1813659921545188 1.1662866229755282
432 0.001 0.21067390379739157 -0.29617396407225893 0.4457775390963702 -0.29669078201510196 0.15804463677906191 0.1868059861353521 1.181982444595681 1.1668046826374923
433 0.001 0.21021501634128376 -0.2961904711455537 0.4447203572781885 -0.2966798883945647 0.15770038578254184 0.18636296719709397 1.1817534007435841 1.1666122309529932
434 0.001 0.2099125767146344 -0.296213475486644 0.4429542388564477 -0.2967100073290328 0.1574734997749262 0.18562286374981424 1.1787561971704532 1.1640901330792346
435 0.001 0.20980575857879377 -0.29624693743624697 0.4421262383845647 -0.2968451023498853 0.15739336629291417 0.18527588474996562 1.1771518019708733 1.162737207217711
436 0.001 0.2093131615992667 -0.2962550050401094 0.4392443274027645 -0.2967766199027266 0.1570238268800845 0.18406820115065103 1.1722310225646182 1.1585752351159
437 0.001 0.20931122013286466 -0.2962236860193442 0.4380351265516035 -0.2967597213827894 0.1570223704189529 0.18356147764480837 1.1690148171566015 1.155844778762891
438 0.001 0.20877854608742288 -0.2962695636597193 0.4374559375261481 -0.2967999831224913 0.15662276574786632 0.1833187647049005 1.1704477559795476 1.1570622978691534
439 0.001 0.2085266759666544 -0.296303005537649 0.43607086758069913 -0.296783944772405 0.15643381628125066 0.18273834210767742 1.1681511482091196 1.1551101714915137
440 0.001 0.207905456383491 -0.29630183140920724 0.43291191590722194 -0.29672851016977164 0.15596778597749023 0.18141456279902488 1.1631540555766253 1.1508482996446907
441 0.001 0.2077062053319963 -0.29631850881721095 0.43263075799671635 -0.2967167891551091 0.15581831060586748 0.18129674174227486 1.16351371695239 1.15115570164512
442 0.001 0.20730211012936187 -0.2962856472105395 0.4299787084159128 -0.29676209167718215 0.1555151639969456 0.18018538306272786 1.1586354567086898 1.146977532696108
443 0.001 0.20702277134735436 -0.29631601039293964 0.42914265306049004 -0.2967570555719793 0.15530560792215456 0.1798350286113796 1.1579429166622248 1.1463828495579684
444 0.001 0.20646031481921104 -0.2962884753613616 0.42909041846521556 -0.296854811685282 0.15488366084616592 0.17981313936343676 1.1609561549686729 1.1489675342080286
445 0.001 0.20651920996498516 -0.29631801076422404 0.4270862876200331 -0.2968097501587554 0.15492784316658692 0.17897329525725433 1.1552042008666732 1.1440273741154188
446 0.001 0.20601989531709078 -0.296338790062708 0.42651767337801677 -0.29684494075536955 0.15455326425224342 0.17873501374933945 1.1564622372364097 1.1451101109351418
447 0.001 0.20557006052658558 -0.29635981084818097 0.4244349610917155 -0.29678449468011814 0.15421580443973457 0.17786223957756897 1.15333340978729 1.142414926634549
448 0.001 0.20524947453956632 -0.296352864838997 0.42313716904612164 -0.29689382918697554 0.15397530528458697 0.17731839135370553 1.151602791278604 1.1409207981074545
449 0.001 0.20477957325101898 -0.29633623363251527 0.4212081289513044 -0.29678608114469207 0.1536227918639314 0.17651001451637666 1.14898324900069 1.138654639648745
450 0.001 0.2045449955793034 -0.2963354667470203 0.42045114540193596 -0.29681371060877476 0.15344681495243687 0.176192795621242 1.148233644835545 1.1380051422171007
451 0.001 0.20415297507877533 -0.2963236852938974 0.41960452828181927 -0.29682469107878495 0.15315272661734108 0.17583801519349082 1.1481220026387773 1.1379083706203117
