Peak Method: Gauss
File Time(Hrs) PeakHeight_E1_30Hz PeakLocation_E1_30Hz PeakHeight_E1_100Hz PeakLocation_E1_100Hz Norm_E1_30Hz Norm_E1_100Hz NormalizedRatio_E1 KDM_E1
1 0.0 0.22764081722120458 -0.3056477795943568 0.36320510101734743 -0.3055799222075065 1.0 1.0 1.0 1.0
2 0.0 0.22560257933343142 -0.30553635879510155 0.36399718404996856 -0.30494301780654914 0.9910462547417735 1.0021808147253508 1.0112351567147373 1.011172394910886
3 0.0 0.2241258429529546 -0.30527917306672603 0.35525072449296524 -0.30569161575271253 0.9845591212017378 0.9780994911632525 0.9934390633336464 0.9934174695509561
4 0.001 0.22155424464767484 -0.3052843890436287 0.3545030546734426 -0.30533416615403697 0.973262384805027 0.9760409577962145 1.0028549063793768 1.0028508369430893
5 0.001 0.2212672880065792 -0.30509864821448585 0.3538603734031953 -0.30512525719686456 0.9720018171941807 0.9742714857583847 1.0023350455977087 1.002332322557948
6 0.001 0.21920628871410347 -0.30504861949795853 0.35145818082182445 -0.30510131891390846 0.9629480836957941 0.9676576122895314 1.0048907398783766 1.0048788093845684
7 0.001 0.2186678601768148 -0.30493262024989065 0.34992266081018825 -0.30480580955360803 0.9605828288884127 0.963429918330016 1.0029639187334818 1.002959532826089
8 0.001 0.21671133706487386 -0.30481120377579657 0.3465164158771903 -0.3047281908755539 0.9519880472678577 0.9540516223659533 1.0021676481170305 1.0021653013113752
9 0.001 0.21432739845890558 -0.3047062956789342 0.3439257355254693 -0.30454694709677527 0.9415156784059425 0.9469187920602543 1.0057387399681539 1.0057223205134334
10 0.0 0.21302498575823575 -0.3046134783097145 0.3419998753256025 -0.30466452922619747 0.93579432879664 0.9416163880068079 1.0062215158085588 1.0062022221968359
11 0.0 0.21197424873258436 -0.3046234941781355 0.33768403565172606 -0.3047956701608288 0.9311785615608795 0.9297337364091633 0.9984483908765099 0.9984471861964777
12 0.0 0.21135840804060246 -0.304615462241636 0.33623140052849315 -0.30434864602652306 0.9284732440369863 0.9257342465364605 0.997049998459173 0.997045640777043
13 0.0 0.20989517812678735 -0.30439999481219454 0.3370196338091193 -0.3042753465660832 0.9220454428558243 0.9279044618732448 1.0063543712111125 1.0063342461354687
14 0.0 0.20871240274304548 -0.30442540966214243 0.33228890143453205 -0.30425821277279785 0.9168496462575696 0.9148795006011252 0.9978511791279124 0.9978488679291662
15 0.0 0.2069808203012504 -0.30440094879402557 0.3340687386067013 -0.3042745592278408 0.9092430032006154 0.9197798645199795 1.011588608636276 1.0115218475452914
16 0.0 0.20619375819966237 -0.30432824855973917 0.3312949480891933 -0.30439138518214803 0.9057855296631556 0.9121428833494548 1.007018608134161 1.0069940638374908
17 0.0 0.2054183130927098 -0.30443964734190854 0.3303223360166756 -0.3045163700209826 0.9023790882506779 0.9094650242836174 1.0078525047014066 1.0078217943629026
18 0.0 0.2037127433585246 -0.30450930102176726 0.3282271310649275 -0.3045474956757906 0.8948867160346361 0.9036963692017385 1.0098444339481751 1.0097962148531432
19 0.0 0.20313739167811307 -0.30451090346058984 0.3275151714805793 -0.30444338282741595 0.892359262094544 0.9017361555859219 1.0105079802381034 1.0104530599643369
20 0.0 0.20155009511051497 -0.3045805119065537 0.32512093340996145 -0.30462576615109016 0.8853864503335684 0.8951441829954723 1.0110208741710782 1.0109604771513083
21 0.0 0.20113626888556035 -0.3045515191854307 0.3221732513625724 -0.30465032043707996 0.8835685591925764 0.8870284323104393 1.0039157947415247 1.0039081429986232
22 0.0 0.20037198844669657 -0.30467474815623846 0.32386652285205575 -0.3047192179920586 0.8802111628864424 0.8916904579393207 1.0130415240534267 1.0129570343160796
23 0.0 0.19937749521418274 -0.3047008177636496 0.3215316310061337 -0.30465005713675336 0.8758424681828584 0.8852618812497809 1.0107546886673187 1.0106971663206181
24 0.0 0.19825927860969794 -0.304643063188547 0.3183559426231666 -0.30486080739196825 0.8709302708970869 0.8765183686337082 1.006416240109401 1.006395721865819
25 0.0 0.1971368946070381 -0.304625301297141 0.31340772163091896 -0.3046527319114816 0.8659997667091266 0.8628946034982861 0.996414360222474 0.9964079202704929
26 0.0 0.19650949635941353 -0.3044726006840445 0.31505300824129556 -0.3045104678774528 0.8632436781689291 0.867424514024785 1.0048431699664735 1.0048314701509091
27 0.0 0.19560252308702641 -0.30448383662712425 0.3160873814281168 -0.3045724132669755 0.8592594486117764 0.8702724178232834 1.012816814792435 1.0127352024270095
28 0.0 0.19445608997307146 -0.3043909088406967 0.3098231256930859 -0.30464845238906224 0.8542232994362928 0.8530252599020852 0.998597510118258 0.9985965259391733
29 0.0 0.19341491287590415 -0.30458503937790454 0.3123142545186255 -0.30433865119472275 0.8496495278698538 0.8598839984455744 1.01204552022924 1.0119734072695012
30 0.0 0.1923990356775787 -0.3045443772074011 0.3094265576880056 -0.30468574423661265 0.8451868958571674 0.8519334029761513 1.0079822665874885 1.0079505349427753
31 0.0 0.19191313928772302 -0.30443708198480207 0.3085688598946887 -0.3044973950083621 0.8430524087481024 0.8495719334072646 1.0077332376866621 1.0077034513764114
32 0.0 0.18994590242125262 -0.304337747365755 0.3026225609031288 -0.3044526847736007 0.8344105628327506 0.8332001947535282 0.9985494334166705 0.9985483805813603
33 0.0 0.18915206578840688 -0.3043857470171924 0.30548377574125096 -0.3045407270049631 0.830923329556504 0.8410778782720356 1.0122208010707214 1.0121465805981318
34 0.0 0.18851666144727638 -0.30439746598049283 0.30442558240539247 -0.3045162349431114 0.8281320711658217 0.8381643912838451 1.0121143963231616 1.0120414588209288
35 0.0 0.1868757058701277 -0.30447426524608484 0.30438292750835355 -0.30398583299008086 0.8209235415304965 0.8380469510361188 1.0208587141668493 1.0206434166036678
36 0.0 0.1858484572175242 -0.30423237594923186 0.30305871644995525 -0.3040575777197811 0.8164109560234549 0.83440104668431 1.0220355821147729 1.0217954444616912
37 0.001 0.1863499974058453 -0.3041683279206245 0.3022023287992006 -0.3039490275244791 0.8186141645448588 0.8320431842854729 1.0164045777879747 1.016271117382575
38 0.001 0.1850380486336208 -0.3041645610314811 0.2975335636126383 -0.3040588420601806 0.8128509240669896 0.8191888351216395 1.0077971382783686 1.0077668586429547
39 0.001 0.18460580440171287 -0.3038788747524476 0.2963077203775038 -0.30405809233896436 0.8109521247339687 0.8158137634838767 1.0059949762774256 1.0059770601106395
40 0.001 0.18332857452214138 -0.30402096478630597 0.29618704631624365 -0.3038607717016201 0.8053414003693203 0.8154815157788688 1.0125910767842041 1.012512305087154
41 0.001 0.18062892345495604 -0.3040453805082249 0.2958126036639596 -0.30394601627049445 0.7934821428770138 0.814450575818953 1.0264258409973936 1.0260812317556975
42 0.001 0.18052033288704178 -0.3040550990402169 0.2925155451325323 -0.3041118136012701 0.7930051169673381 0.8053728989851416 1.0155960935852484 1.0154754155704944
43 0.001 0.17968890232416948 -0.3040150470032302 0.2948941185377563 -0.30331603282216824 0.7893527378684511 0.8119217425959873 1.0285917862126899 1.0281888021109162
44 0.001 0.17920245730244896 -0.3039570603336375 0.29096423424773304 -0.30382321858097044 0.7872158406825311 0.8011017285625511 1.017639238392333 1.0174850271115743
45 0.001 0.17883175619269395 -0.30405319381853474 0.29009983181949733 -0.30369748429802074 0.7855873932262263 0.7987217993550194 1.016719217036889 1.0165806096313736
46 0.001 0.17790135573520038 -0.30391014256279697 0.2883485753570426 -0.3037275845387546 0.7815002507319632 0.7939001257123602 1.0158667575202736 1.0157418712929136
47 0.001 0.17679681173792977 -0.3038489876814841 0.28740672247108323 -0.30369054228125897 0.7766481156414565 0.7913069548474103 1.0188744927216447 1.0186980347611407
48 0.001 0.1765890199081942 -0.3037268550120045 0.28533474513967705 -0.3039330764891412 0.7757353099668325 0.7856022515665299 1.0127194694800206 1.0126390882315124
49 0.001 0.1756721615075518 -0.30373091445444134 0.28614541315504216 -0.30356691194474983 0.7717076561750634 0.7878342356798983 1.0208972651441164 1.0206811751438796
50 0.001 0.1756336336065413 -0.30348600594732783 0.28230477882038246 -0.30353620022150934 0.7715384075250155 0.7772599504512437 1.0074157590476698 1.0073883638845076
51 0.001 0.1737484728064387 -0.3033988903563139 0.27953583305590834 -0.30377977536533446 0.7632571123552185 0.7696363081711155 1.0083578596420968 1.0083230780828931
52 0.001 0.17303924265074455 -0.30346392834980207 0.2817830992028557 -0.30339498022758965 0.7601415456288657 0.7758236280646211 1.0206304766867882 1.0204198411583059
53 0.001 0.1717540351713769 -0.3034659709665969 0.280168177496354 -0.3038137883917754 0.7544957765833312 0.7713773201741805 1.0223746031651706 1.0221270610599567
54 0.001 0.1712510259792968 -0.3033805726453777 0.2775978906010141 -0.30342959688084103 0.7522861148969066 0.7643006384642033 1.015970683665939 1.0158441626114296
55 0.001 0.17075751739129402 -0.30343659723414335 0.2780930314534837 -0.3034602406286085 0.7501181882744887 0.7656638925899926 1.020724339922038 1.0205117932343386
56 0.001 0.1696637561074561 -0.3033988740067223 0.2729386426486191 -0.3037128393557522 0.7453134204073313 0.7514724927709179 1.0082637346852288 1.0082297305304118
57 0.001 0.1692267272522366 -0.30340915060475454 0.2751857323148878 -0.30333204411890763 0.7433936027728917 0.7576593267662954 1.0191900010172161 1.019007622866148
58 0.001 0.1686423425497065 -0.30344494903542824 0.2747284913651497 -0.3028046531266478 0.7408264678027064 0.7564004211274227 1.0210224040333071 1.020803731805598
59 0.001 0.16630283356707137 -0.3032670253258588 0.27244954953549366 -0.30297748616779707 0.7305492731800841 0.7501258896759848 1.026797119940567 1.0264428241750736
60 0.001 0.165613151461486 -0.30317290851872236 0.26909164315569795 -0.3033249478663248 0.7275195787957277 0.7408806825729178 1.0183652841333932 1.0181981767896673
61 0.001 0.16557324106343896 -0.3031294260541406 0.2689592983004438 -0.303173612196663 0.7273442569947686 0.7405163020758283 1.0181097808285224 1.0179472702630554
62 0.001 0.16471191386258602 -0.30320774507837983 0.267137841367558 -0.3031043766613216 0.7235605453943311 0.735501347914161 1.0165028380773888 1.0163677806604263
63 0.001 0.16416940068162808 -0.30319087339500844 0.2667944688329035 -0.3032121136437067 0.7211773472158131 0.7345559522308603 1.0185510610763038 1.0183805715238259
64 0.001 0.16286810928635356 -0.30302478166810104 0.2640626823827793 -0.30331162937779743 0.7154609233725001 0.7270346194013589 1.0161765592651844 1.0160467685142418
65 0.001 0.16145677703746786 -0.30298107359066906 0.2644856531402412 -0.3029593068842226 0.7092611026807906 0.7281991701091467 1.0267011222760927 1.0263493437513924
66 0.001 0.16126263510067015 -0.3030830138923547 0.260737297354137 -0.3031705950027294 0.7084082594202208 0.7178789522058051 1.0133689756713669 1.01328020430722
67 0.001 0.16110375819301276 -0.3029423314508578 0.2645905801707487 -0.30251506345342505 0.7077103313878196 0.7284880620608666 1.029359089095537 1.0289343460733922
68 0.001 0.16042081720852888 -0.3029283459684882 0.26034283411348236 -0.30295921646809504 0.7047102499752659 0.7167928902547209 1.0171455435476908 1.0169998080728828
69 0.001 0.15928286540021155 -0.3029099325877662 0.25979647144787604 -0.30333214703601147 0.6997113582026557 0.7152886088884187 1.0222623950621241 1.0220173159689698
70 0.001 0.15839790214331098 -0.30293709569999405 0.25931377869430705 -0.3023949105615981 0.6958238161190203 0.713959627681335 1.0260637982520744 1.025728506944905
71 0.001 0.15748851237094424 -0.302826441489463 0.25673314973047145 -0.30257885242881166 0.691828971154626 0.7068544715130787 1.0217185185716866 1.0214852051580656
72 0.001 0.1567361249395536 -0.3026719792071568 0.2702356570066679 -0.30269137420077774 0.6885238194662119 0.7440304562070589 1.080616872171364 1.0774932408264393
73 0.001 0.15322082077968355 -0.30245873544912283 0.3035728825357989 -0.3031126037431957 0.6730814914919008 0.8358166823248984 1.241776356785998 1.2157006929385492
74 0.001 0.15007965882768354 -0.3023002152043027 0.330723316920732 -0.3036297125675761 0.6592827273232251 0.9105690310911574 1.3811510500027626 1.3201401691860921
75 0.001 0.14825769488955773 -0.3024959767248639 0.3571518866276087 -0.30358316932789065 0.6512790487195089 0.9833338948908386 1.5098503426821244 1.4062794773151919
76 0.001 0.14875033656045822 -0.3025660803906085 0.36383983492832045 -0.30382213617561904 0.6534431670745304 1.001747590849344 1.5330294068789103 1.4208631810048238
77 0.001 0.1474035685067781 -0.3024892491242164 0.37479875400639096 -0.3037085008904713 0.6475269694869448 1.0319204024298376 1.593633085657358 1.4577618082836117
78 0.001 0.14834175526252724 -0.30253554258193976 0.373930579354176 -0.3040555260761857 0.6516483162963681 1.0295300872889346 1.5798860543985611 1.4495439272675534
79 0.001 0.14667412745744735 -0.30249882248960713 0.37857271111681495 -0.3037529410279875 0.6443226186230048 1.0423111075709632 1.6176851121546965 1.4719323262271686
80 0.001 0.14683965371504223 -0.30264831916797286 0.37786790044517543 -0.3036601540741736 0.6450497564870111 1.0403705768084124 1.6128532199970864 1.469106504189906
81 0.001 0.1467740436068339 -0.3024935227634125 0.380612375621144 -0.3038003746693784 0.6447615388070308 1.047926845066433 1.625293665942541 1.4763609298680467
82 0.001 0.1462907579986176 -0.3025182383928647 0.3749853821680235 -0.30373717382763293 0.6426385205622549 1.0324342392705366 1.6065551725210045 1.4654075071308446
83 0.001 0.14587245679380212 -0.302582961343573 0.37309109985433864 -0.30421458977366694 0.6408009713480075 1.0272187775152393 1.6030231279992477 1.4633252171391555
84 0.001 0.14705546331835592 -0.30247223658849065 0.37210615309058953 -0.30402557558815957 0.6459977833213375 1.0245069577720962 1.585929525183026 1.4531674351346102
85 0.001 0.14619169459454126 -0.30244666281198607 0.36891601423665266 -0.30415104979038493 0.6422033463905682 1.01572365917579 1.5816231181051157 1.450587162801688
86 0.001 0.14472707101547472 -0.30240176854133627 0.3697126448725574 -0.303758662491088 0.635769422997808 1.0179169946594422 1.6010788783451004 1.4621765862998575
87 0.001 0.14402906712906446 -0.30240416627532124 0.36888793633346717 -0.303714058421944 0.6327031719847835 1.0156463532593623 1.6052493463456012 1.464638325075938
88 0.001 0.14350799250678992 -0.3022942593895733 0.36472682261644307 -0.30352474804881885 0.6304141509355917 1.004189703269126 1.5929047623357082 1.4573286076281606
89 0.001 0.14301803428714305 -0.30236558252723117 0.36189842523751603 -0.30343716145836375 0.6282618206741397 0.996402374922127 1.585966777120029 1.4531897179070612
90 0.001 0.14325083667330404 -0.3022234930382205 0.3587888452567772 -0.30358433285613917 0.6292844948544681 0.9878408762756905 1.56978423011065 1.443449082949751
91 0.001 0.1433944225306819 -0.30232958307501273 0.3569902386720687 -0.3035053043931584 0.6299152510568514 0.9828888351846636 1.5603509099606725 1.4377141490884777
92 0.001 0.14197391726902367 -0.3021326978116922 0.3536819598289876 -0.30339167425644253 0.6236751343721626 0.9737802658561643 1.5613581690032317 1.4383285210140584
93 0.001 0.1411067231503764 -0.3020711461040629 0.34933753449054283 -0.3036981031258706 0.6198656500747811 0.9618189103402977 1.5516570570159243 1.4323912224012332
94 0.001 0.14014688661477223 -0.3020086148279601 0.34449892071047444 -0.30384116830780733 0.6156491982656511 0.9484969229383715 1.5406451037545206 1.4255967139649413
95 0.001 0.1398215923320794 -0.3022732366750981 0.3453317082992024 -0.30348665686685244 0.614220217792537 0.9507898081054447 1.5479624091869109 1.4301181267126881
96 0.001 0.13997008596538113 -0.30243998710346914 0.3418146611408348 -0.30342944543123695 0.6148725332916395 0.9411064442195404 1.5305716116175339 1.4193294583577456
97 0.001 0.13993196779647202 -0.3022953904180098 0.3393237441564397 -0.30334234961935724 0.6147050845477173 0.9342482889309225 1.5198317248641535 1.4125924122113178
98 0.001 0.13808711084389133 -0.30236171697067626 0.3362424663616399 -0.3034563772393334 0.6066008395572945 0.925764713710836 1.5261513887558606 1.4165636240945894
99 0.001 0.13832476136083585 -0.3021992824043353 0.33256637239146547 -0.3033682454418634 0.6076448110200818 0.9156434517575275 1.5068728229907762 1.404386547528216
100 0.0 0.1376195964952645 -0.30213793087641133 0.329686055716155 -0.30348488195841294 0.604547102646956 0.9077131758135977 1.5014763478962283 1.4009443050045034
101 0.0 0.1375802870851141 -0.30199403442062356 0.33130643211214206 -0.3028730582760938 0.6043744209168943 0.9121745019112993 1.5092870749351746 1.4059217297393776
102 0.0 0.1355714634416791 -0.3022106709746459 0.3241338652984006 -0.3032077596801745 0.5955498890602767 0.8924265226190182 1.4984916276740237 1.3990340589118526
103 0.0 0.13590248489361118 -0.30201878733748544 0.32268966653741926 -0.3030113865076277 0.5970040283309612 0.888450260289728 1.488181349083289 1.3924001353544007
104 0.0 0.13501360250665306 -0.3018515003216231 0.3203299539633645 -0.3031385450974125 0.5930992699585013 0.8819533455507963 1.4870248375326882 1.3916525723288333
105 0.0 0.13577375017789345 -0.30190338524982946 0.31751207539935733 -0.3030757573211338 0.5964385114904878 0.8741949782918723 1.4656917040907984 1.3777371707242843
106 0.0 0.13429790092551983 -0.30190032529798083 0.31559811618643574 -0.3031719475454446 0.5899552750024571 0.8689253408127715 1.4728664656980184 1.3824439954662426
107 0.0 0.13362210074409475 -0.30201618198835334 0.31171435338514697 -0.3030236334516187 0.5869865623187016 0.858232311473673 1.4620987371218555 1.3753697852605535
108 0.0 0.13339119775393754 -0.301864029367564 0.3097175095660047 -0.3029106962486892 0.5859722319671599 0.8527344706846833 1.4552472355592336 1.3708361658784571
109 0.0 0.13307421309546155 -0.30164728161551824 0.3084754184120099 -0.30270376528940923 0.5845797547201292 0.8493146642157884 1.4528636295699333 1.3692530021730847
110 0.0 0.13172639677150272 -0.3014279621328945 0.3042354339356495 -0.3026265473166704 0.5786589522014443 0.837640862100994 1.4475553500283398 1.3657162237602982
111 0.0 0.13110033812993724 -0.3016642025701859 0.3034982559318793 -0.30256169772609615 0.5759087483970134 0.8356112154861602 1.4509437785274206 1.3679756202309603
112 0.0 0.13198416673913588 -0.30117492268235296 0.29935346561099463 -0.30314805659382116 0.5797913061034365 0.8241995081360294 1.4215451309112759 1.3481621098283145
113 0.0 0.13136001179978227 -0.30136281551525623 0.29629595938465364 -0.3027186297925497 0.5770494650444709 0.8157813823504145 1.4137113571148456 1.3428010195961149
114 0.0 0.13089083993859366 -0.30134434936067067 0.29705229254980986 -0.302278394320726 0.5749884468715625 0.8178637682063337 1.4224003502265554 1.348745284970794
115 0.0 0.13001581288287448 -0.301443576787318 0.2937471041331787 -0.30249257757690884 0.57114455338005 0.8087637076417292 1.416040305130185 1.3443984806435316
116 0.0 0.1294507325753632 -0.30154199213254584 0.28979759169523756 -0.3024111688601584 0.5686622204029979 0.797889652109804 1.4030994560256842 1.3354829572408473
117 0.0 0.12964610339047766 -0.30149157212057887 0.28881333681626536 -0.3024260022558656 0.5695204619850628 0.7951797373090062 1.39622680902001 1.3307089358390543
118 0.0 0.127617152446569 -0.30125250478917337 0.28694145682308836 -0.30240429423729487 0.5606075132060347 0.7900259550853154 1.4092318359546576 1.3397197644887502
119 0.0 0.12754152015417086 -0.3011944090846452 0.28293408393761477 -0.302666850757126 0.5602752692204378 0.7789925943911818 1.3903747625253307 1.326622225640398
120 0.0 0.127509188621764 -0.3013757810567501 0.2806299922320983 -0.3025693304179836 0.5601332405069516 0.772648818659336 1.3794018329639677 1.3189052203858778
121 0.0 0.12721852646964146 -0.30111738075220823 0.28274749382927034 -0.302134767139924 0.5588563950111806 0.7784788623212804 1.3929855133995668 1.328447883364974
122 0.0 0.12687149327648525 -0.3011370477802483 0.27787151342896893 -0.30217326604593575 0.5573319179978206 0.765053994700634 1.3727080219073793 1.3141625673838837
123 0.0 0.12641334942246507 -0.300948679459865 0.2759911558439571 -0.3023930564984001 0.5553193445955076 0.7598768714175499 1.3683601675555552 1.3110676936740995
124 0.0 0.126309437720053 -0.3012369916425718 0.2750213860122334 -0.30195905668723483 0.5548628724053244 0.7572068377946537 1.364673823844386 1.3084347787565178
125 0.0 0.1255009688396295 -0.30104865704413064 0.27231900430168887 -0.3018480666641708 0.551311361343765 0.7497664640141779 1.3599691872605326 1.3050626162440597
126 0.0 0.12590385045413 -0.3006752078149912 0.272396151621978 -0.30185756941979736 0.5530811740663623 0.7499788710538176 1.3560014446700914 1.3022081717950236
127 0.0 0.12441180961111788 -0.3008407659310128 0.2688681436062644 -0.30176364760712615 0.5465268097778073 0.7402653290197669 1.3544904216514553 1.3011185931287954
128 0.0 0.1244104617123218 -0.3007163951523829 0.2692306086168593 -0.30131954668867 0.5465208886129981 0.741263291354491 1.3563311243889047 1.3024457137630145
129 0.0 0.12417674421503185 -0.30093700484588687 0.2658918225042685 -0.30171918949325494 0.5454941944544419 0.7320707274195716 1.34203211484538 1.2920814899824384
130 0.0 0.12274277995855722 -0.3005987780404909 0.26322690737125903 -0.3014963976963502 0.5391949539492508 0.7247335090667869 1.3441029144627328 1.293590279112469
131 0.0 0.12327348305351099 -0.30071010567801953 0.26261240189583784 -0.3015507781788794 0.5415262717745513 0.7230416124670422 1.3351921229928059 1.2870788400598236
132 0.0 0.12300837819688132 -0.3006474102005571 0.2605493655068392 -0.30160709711953454 0.5403616965464978 0.7173615259726069 1.327558060753254 1.2814607001874303
133 0.0 0.1219949297552716 -0.30050229215910856 0.2587988349429322 -0.30157135557127224 0.5359097337834889 0.7125418509212277 1.3295930377877765 1.2829619014493312
134 0.0 0.12182597000233185 -0.30054354101009306 0.2587679128312845 -0.30141099341038513 0.5351675129682492 0.7124567141443456 1.3312779585456915 1.2842028830850791
135 0.0 0.12028242771942052 -0.3004659074347431 0.2558478019792158 -0.30141557777851385 0.5283869087613533 0.7044168742745603 1.3331459629192124 1.2855766147629983
136 0.0 0.12062818542775029 -0.3005055406012702 0.25576416017638925 -0.30133550825300304 0.5299057827161668 0.7041865862015342 1.3288901709885987 1.2824436936405523
137 0.0 0.12128024583614289 -0.3002730230340554 0.24829753832045975 -0.3015418792924441 0.5327702092999064 0.6836289953664515 1.2831591996571714 1.2480415730096168
138 0.0 0.12028150940059236 -0.3004819557303088 0.24990160842840398 -0.30163142389644687 0.5283828746920709 0.6880454259271764 1.302172078018526 1.2625104186639295
139 0.0 0.11882842093727825 -0.30015399637745294 0.2538365864897899 -0.30097473804829966 0.5219996237397511 0.6988794644645316 1.3388505138328721 1.2897581626775874
140 0.0 0.1198155931046774 -0.3006249994426906 0.2458339536751562 -0.3015562010922582 0.5263361578440013 0.6768460932585159 1.2859578107478673 1.2501864289912805
141 0.0 0.11913414320525438 -0.30057508924962606 0.24392734683870426 -0.3017368553629608 0.5233426265970949 0.6715966988223929 1.2832830056081679 1.248136569065133
142 0.0 0.11856704111142007 -0.30047467086824153 0.24449152068961175 -0.3013557076569001 0.5208514121446215 0.6731500191070673 1.2924031756683767 1.255106238529026
143 0.0 0.11844380491554592 -0.30074401368094683 0.24783559895266336 -0.3006672930271379 0.520310049671149 0.6823571537361922 1.3114433483794166 1.2694795428127397
144 0.0 0.11823582172231412 -0.3004900099157392 0.24121481252529342 -0.30104551732192314 0.5193964033586351 0.6641283722327801 1.2786541607493762 1.2445778438424686
145 0.0 0.11781777673031607 -0.30011810457166066 0.24232270282879384 -0.3011067906692052 0.5175599796579075 0.667178688157301 1.2890847715820053 1.2525767286304705
146 0.0 0.11634514240374177 -0.30019316722817707 0.23839575777546135 -0.3014087479672575 0.5110908659701662 0.6563667666222427 1.284246716826586 1.248875670681912
147 0.0 0.11802580898788147 -0.30025231975728794 0.23653538835871735 -0.3010412746642146 0.5184738415044112 0.6512446760691831 1.2560801026711823 1.2270133071675826
148 0.0 0.11667777956742813 -0.3005950367527724 0.23782064259853777 -0.30139872172882043 0.5125521028772676 0.6547833219643547 1.2774961185187936 1.2436852614258396
149 0.0 0.11643547919614891 -0.30018850727120894 0.23679184882106327 -0.30074217563696753 0.5114877051377191 0.6519507797599836 1.2746167174916638 1.2414619706079517
150 0.0 0.11717137618031151 -0.30047681991788766 0.2343200508331994 -0.3009331151477684 0.5147204161828896 0.6451452641410116 1.2533896924573897 1.2248964689112967
151 0.0 0.11583906620275226 -0.30016256818452663 0.23293867559956832 -0.3005847917829388 0.5088677312653838 0.6413419716493538 1.260331383274296 1.2303479792393823
152 0.0 0.1161618000710609 -0.3003152344470522 0.22933881371267267 -0.30107578468849366 0.5102854641317837 0.6314305968453867 1.237406591464884 1.2122158684706905
153 0.0 0.1157196618146188 -0.3000543620655158 0.22805475961705546 -0.30091613344946255 0.5083432014838137 0.6278952552656002 1.2351798026074186 1.2104347957449084
154 0.0 0.11532620590073198 -0.3001191855909088 0.22981435104852926 -0.3007247752832132 0.506614794782899 0.6327398772892038 1.2489565717486666 1.221397402578647
155 0.0 0.11578478973998885 -0.29986480125213927 0.228316135385305 -0.3005039100277977 0.5086293009898911 0.6286148920975649 1.235899880078003 1.211011129952539
156 0.0 0.11423936784830045 -0.3000695231585596 0.22711819820203097 -0.30087359572896033 0.5018404398772257 0.6253166532239406 1.2460467581626604 1.2190931753922476
157 0.0 0.1136846496119938 -0.30002207666710534 0.22622743846116392 -0.3006122331814434 0.4994036262904619 0.6228641553422424 1.2472159242591756 1.220019733386923
158 0.0 0.11317175452216864 -0.29974117730450917 0.22317643945391277 -0.3010656198853842 0.4971505369891405 0.6144639456571217 1.2359716020392104 1.2110685143085036
159 0.0 0.11286465154917623 -0.2999329112220335 0.22541647653181507 -0.3007299544974049 0.49580146885302506 0.6206313620057025 1.2517739478292709 1.2236227558028043
160 0.0 0.11292712257438786 -0.29992407757555933 0.22611893786507228 -0.3002594442695264 0.49607589690144893 0.6225654244164164 1.2549801921541373 1.2261484983693447
161 0.0 0.11360072175667574 -0.299909407781462 0.2220357803942793 -0.3005941533564889 0.499034940848446 0.6113234086535431 1.225011233911171 1.2022562677273692
162 0.0 0.11280989078517545 -0.29998414458000255 0.22090365518158095 -0.3006178213946817 0.4955609110977453 0.6082063675945734 1.2273090027365166 1.204110882196624
163 0.0 0.11274934457474718 -0.2997206014137246 0.21941841462266473 -0.3006451556396783 0.4952949385398914 0.6041171063073392 1.2197118510604024 1.1979642996954234
164 0.0 0.11250989817524748 -0.30005335374139036 0.2182742163534128 -0.30035756158551075 0.4942430779710242 0.6009668249207424 1.2159337210909307 1.1948918589357662
165 0.0 0.11076591766530663 -0.2998031117273643 0.21534811659540679 -0.3010164242418147 0.48658197162274497 0.5929104960040782 1.2185212987376595 1.196997251152827
166 0.0 0.11094964410363603 -0.3000147175704228 0.2147490072500502 -0.30061193926873 0.48738906079318517 0.5912609890349346 1.213119121042041 1.1925961589827974
167 0.0 0.11124558578618525 -0.3001784167248213 0.21286223012141958 -0.30055076756255583 0.4886890986605666 0.5860661910451881 1.1992618469524274 1.1812079332240948
168 0.0 0.11033470417977499 -0.29978161837433115 0.2151371794614225 -0.30035640500856114 0.48468770024033014 0.592329730113419 1.2220853341640712 1.1998891138423518
169 0.0 0.11089409962268454 -0.29995179068147115 0.21188346526704432 -0.300467725897263 0.4871450602592321 0.5833713917385878 1.1975311654153882 1.179775530398951
170 0.0 0.11030496846038398 -0.29980812814674757 0.21200614605588844 -0.30051896023460023 0.48455707463568687 0.5837091644970113 1.2046241713339376 1.1856317952008364
171 0.0 0.10976371330870456 -0.29968653130975814 0.21137165540773384 -0.3005434608046245 0.4821794028354953 0.5819622434147429 1.206941316846938 1.1875367643600017
172 0.0 0.1099996026459192 -0.29987283295972117 0.21008104065779287 -0.3002653900711257 0.48321563763773384 0.578408838613087 1.196999421295052 1.1793349778662463
173 0.0 0.1101875946057392 -0.29982559613217913 0.20756321311095288 -0.30032721712202726 0.4840414647548335 0.571476591406791 1.1806356128937079 1.16567244139795
174 0.0 0.10994048067155099 -0.29972025856891316 0.2083976079836761 -0.3003389485464913 0.48295592158553413 0.5737739018531092 1.1880461056765212 1.1718849572581371
175 0.0 0.10905795097598069 -0.2997682229170533 0.207772779531463 -0.30010368302659285 0.47907906985769694 0.5720535833596108 1.1940692452490786 1.1769034825763187
176 0.0 0.10767520221763861 -0.299661745191951 0.20750294619321835 -0.3002188342816141 0.473004813161463 0.5713106605936892 1.2078326577168865 1.1882684876414553
177 0.0 0.10842922982245963 -0.2997664821224919 0.2039124622456332 -0.30020437374885667 0.4763171699436314 0.5614251057445746 1.178679126370807 1.1640251877461611
178 0.0 0.10819252738473789 -0.29962881191731305 0.20460324334217717 -0.3004118326531694 0.4752773632841265 0.5633270093648957 1.1852594987321794 1.1695537750456284
179 0.0 0.10699126407272541 -0.2997187820787745 0.20169099172569435 -0.3003695376021245 0.470000351337516 0.5553088080557028 1.1815072190380667 1.166405334306528
180 0.0 0.10762118149527636 -0.2997711234011952 0.20446913608383388 -0.2999370130783059 0.4727675063242196 0.5629577765045432 1.1907708735770683 1.1741586725275195
181 0.0 0.1076604506371491 -0.29980366873992575 0.20420635997680495 -0.3000176199647913 0.4729400111603562 0.5622342841684144 1.1888067638620277 1.1725202671878523
182 0.0 0.10737183317318555 -0.29965473848451185 0.20153776678093377 -0.300609855712373 0.471672147745145 0.5548869391327956 1.1764250693738514 1.1621237246863805
183 0.0 0.10742915871462083 -0.2996906473267474 0.19996809409617106 -0.30012157678683105 0.47192397227351846 0.5505652138035918 1.1666396414473608 1.1538231261531262
184 0.0 0.10649719564114808 -0.2996146281636587 0.19977113979390979 -0.300069277630093 0.46782996538648847 0.550022946358257 1.1756898596776852 1.161502669046509
185 0.0 0.10638134969407417 -0.29988658187704564 0.19696409141710886 -0.3001791459853663 0.4673210674283453 0.5422943974779182 1.1604321638272141 1.1485185848585109
186 0.0 0.10643408168075003 -0.29976465611510644 0.19916510068415552 -0.3001284297822677 0.4675527129975343 0.5483543599092872 1.1728182612688185 1.1590729094553
187 0.0 0.10641103343882778 -0.2997197781281609 0.19626978717973054 -0.3000193624682983 0.4674514647143679 0.5403827937162047 1.1560190404931148 1.1447288150641108
188 0.0 0.10525139091506826 -0.29970514041260354 0.19551492409816273 -0.30018807548573195 0.462357288116712 0.5383044553904118 1.1642607767318867 1.1517938859289651
189 0.0 0.10571795299724125 -0.29974989806161234 0.195910165307571 -0.29974989028936083 0.4644068418297424 0.5393926592958669 1.161465789717231 1.1494039743634845
190 0.0 0.10558599659929659 -0.29969480887621874 0.19466753013830934 -0.30023717708704745 0.46382717250876804 0.535971355008617 1.1555410868010008 1.1443174409928194
191 0.0 0.10584618220144608 -0.2996425109275843 0.19495551070151212 -0.3002358881753186 0.4649701380161211 0.5367642418992365 1.154405838167238 1.143339602438686
192 0.0 0.10518085487846783 -0.299891824440006 0.19330534467959232 -0.300206061232874 0.46204743139830157 0.5322208970582702 1.1518750260067492 1.1411559910972942
193 0.0 0.10469273697095327 -0.29975441646016054 0.1924557030973424 -0.30015886165091704 0.4599031854169658 0.5298816083757323 1.1521590308084546 1.1414012892451506
194 0.0 0.10498340193847107 -0.2995989300062808 0.1925352565320448 -0.29993195911920784 0.4611800432804453 0.5301006400866846 1.1494440139169864 1.139053646384258
195 0.0 0.10435604743839248 -0.29975517205012037 0.18959507657958025 -0.29990900929115744 0.4584241469181995 0.5220055446592552 1.1386955686529336 1.1297010857326382
196 0.0 0.10417767063089216 -0.29956173365449945 0.19187886700737103 -0.30004169980037526 0.4576405580623969 0.5282934255876722 1.1543850654854813 1.143321700432129
197 0.0 0.1037280130825012 -0.2997474711707472 0.19057227422229328 -0.29990699361009826 0.45566526402734686 0.5246960290163742 1.151494464113649 1.1408271939719448
198 0.0 0.10405787188351842 -0.29975356941043535 0.18846447860322002 -0.3001009097714461 0.45711429590591673 0.5188927084870941 1.1351487213033753 1.12659419922831
199 0.0 0.10338477938147188 -0.2996811230179154 0.1898795904861304 -0.3000601984674662 0.4541574777471044 0.5227888869244195 1.1511180868754345 1.1405018978711094
200 0.0 0.10345589857686101 -0.2996555659342396 0.18788633634621948 -0.2999786580953317 0.4544698962151862 0.5173009294746816 1.1382512544455656 1.1293124502166263
201 0.0 0.10307149414725121 -0.2997713473982168 0.18905885405780484 -0.2999169575304336 0.4527812516465091 0.5205291817990602 1.1496261824141132 1.1392113509206305
202 0.0 0.10206431605373846 -0.2997810512170468 0.18640325220478765 -0.3001917160924026 0.44835683380349084 0.5132176053768712 1.1446632830889516 1.134905357152936
203 0.0 0.10228192398566167 -0.2995406609541776 0.1839947650577333 -0.30004349884294956 0.4493127604891333 0.5065864012987673 1.1274694285274347 1.1198319720304182
204 0.0 0.10246575910316405 -0.2996994742838045 0.18680575574070327 -0.29979152324903185 0.4501203270747151 0.5143258043938679 1.142640697291805 1.1331447661496359
205 0.0 0.10224692127243086 -0.29961969475534556 0.18471427711881533 -0.2999928532512717 0.44915899758466793 0.5085674088866747 1.1322658827307766 1.1240613413195775
206 0.0 0.10221221052675744 -0.2995604499045665 0.18407372314787937 -0.30027760786455626 0.4490065172601939 0.5068037938682134 1.1287225783730142 1.1209388012141976
207 0.0 0.10199302394554521 -0.2995698331893637 0.18332395165455637 -0.30003457879271794 0.44804365574929345 0.504739474035637 1.1265408349361121 1.1190109617057167
208 0.0 0.10186880204108467 -0.2997608188448057 0.18287215294919565 -0.29978596578906636 0.4474979631710603 0.5034955523393414 1.1251348470314166 1.1177665005175708
209 0.0 0.10072773482014603 -0.2994742400651302 0.18384583124925621 -0.30005917694100503 0.4424853857481378 0.5061763470124704 1.1439391295525982 1.1342753882967151
210 0.0 0.10167009691045314 -0.29956470278305297 0.1820737834152391 -0.29982556897825696 0.44662507432336984 0.50129742920803 1.122412193196918 1.1153519505676535
211 0.0 0.10180238576720399 -0.29967567477798623 0.18080564531974516 -0.29985159721975524 0.44720620409774725 0.4978059085990356 1.1131462489510289 1.107087949078011
212 0.0 0.10145684689421665 -0.2998552622165382 0.1824631003156953 -0.2997116007537176 0.44568829146149286 0.5023693219192439 1.127176395574323 1.1195729661526133
213 0.0 0.1008896531986579 -0.2996342107641451 0.18081306144075016 -0.29988695185769515 0.44319667461315065 0.4978263271476304 1.1232627762429939 1.1161069441071267
214 0.0 0.1006635280574901 -0.299757039243343 0.1801632652851065 -0.2997984896780184 0.4422033328042075 0.4960372659427532 1.121740224790168 1.1147550707365297
215 0.0 0.10032930752531657 -0.29945439003148233 0.1814602646277739 -0.2996070563170122 0.4407351403409519 0.49960824922199254 1.1335793393635383 1.1252161913073135
216 0.0 0.09960596058907893 -0.29957244436575464 0.17943655755342236 -0.30014545416748895 0.43755756021684455 0.49403644676469477 1.12907761557099 1.121252146588722
217 0.0 0.10036500444901363 -0.2994510730765132 0.1786589320541875 -0.29969959741167324 0.4408919528323706 0.4918954374642838 1.1156825029448996 1.109357148611738
218 0.0 0.10004789924726663 -0.29962893534864965 0.17856274020224802 -0.2998510638451579 0.43949894605257656 0.4916305957765706 1.1186160972448784 1.1119750741053378
219 0.0 0.10015890529004794 -0.29969070211730503 0.17859221947919085 -0.29960380668162984 0.4399865828662919 0.4917117600467316 1.1175608057033835 1.1110341723238815
220 0.0 0.09976609179075818 -0.29950788365998754 0.17854172772262958 -0.30001853530853456 0.4382609982190182 0.491572742845652 1.1216438260380897 1.1146694129761117
221 0.0 0.09909615036538238 -0.2995907546384122 0.17709855630854188 -0.2995513283565057 0.43531802237859674 0.48759930907491106 1.1200990632334658 1.1132957089753126
222 0.0 0.09942602121728014 -0.2995757592086498 0.17461458594619578 -0.29994321495343745 0.4367671071953026 0.48076027967970586 1.1007245549393707 1.0958950612564031
223 0.0 0.09877396627920877 -0.29971915683582995 0.1774833202272313 -0.29888146484895234 0.4339027046420568 0.4886586662194326 1.1261941006395573 1.118704214823659
224 0.0 0.09932838567692517 -0.29955652223075313 0.17390758850192647 -0.2998822756275206 0.43633820546517 0.47881372815196305 1.097345412697728 1.092827258789497
225 0.0 0.09825696657261354 -0.29959437699493185 0.17607842804485607 -0.29938965421867886 0.4316315842300577 0.4847906253289273 1.12315836709145 1.116014301147179
226 0.0 0.09828410705941852 -0.29971945104951775 0.17300327775855953 -0.2994929205253627 0.43175080927561976 0.4763239207653544 1.1032380496623 1.098170580052863
227 0.0 0.0982857313011184 -0.2996233153367696 0.17184432811618477 -0.29944261402545846 0.43175794438310927 0.47313302493506865 1.0958293439419524 1.091447659342064
228 0.0 0.09778054992614381 -0.2997512991256204 0.16992279412418343 -0.29948972727832035 0.4295387405463752 0.4678425320796019 1.089174241849534 1.085367931561887
229 0.0 0.09706892974323965 -0.2992602731607852 0.17185430131094673 -0.2998740756862913 0.42641267470462124 0.47316048378609804 1.1096304398406058 1.10393331246101
230 0.0 0.09707937473237958 -0.2994815585000076 0.17170877996041733 -0.29940134731361306 0.42645855834388874 0.47275982490184293 1.1085715496899882 1.1029811387770558
231 0.0 0.09637238440214005 -0.2995095417759081 0.1723862593425964 -0.2995033901536673 0.4233528309138535 0.47462510537362435 1.121110030961867 1.114194953768567
232 0.0 0.09746188604297472 -0.299611327305757 0.17321572340239005 -0.29928285538885036 0.42813888665787225 0.476908839983822 1.1139115246144928 1.1077732187824336
233 0.0 0.09634412835835622 -0.2994564001391876 0.17053882555806998 -0.299817556624812 0.423228705354436 0.46953863004783264 1.1094205664868928 1.1037446664029884
234 0.0 0.09697299408027052 -0.2994841995393066 0.1698921424399954 -0.29950072037664255 0.4259912403408713 0.4677581398612598 1.098046381157902 1.0934644553508779
235 0.0 0.09709206722756143 -0.2995023746407397 0.16710311168703573 -0.29963233277864354 0.42651431501941284 0.46007919827936156 1.0786957953765772 1.0757165098920314
236 0.0 0.0963512578795663 -0.29953072427193217 0.16838020522667058 -0.2996444624520539 0.4232600245233668 0.46359537560192027 1.09529685947539 1.090962632855041
237 0.0 0.0973491023620006 -0.2992796403457076 0.16480628734947278 -0.29942961844068844 0.4276434408834683 0.45375543153949616 1.0610601921125766 1.0592512458842749
238 0.0 0.09608459407361707 -0.29934558414310125 0.16836117827213049 -0.29944730120744834 0.42208860100976153 0.4635429893482944 1.098212527510484 1.093615423816969
239 0.0 0.09604488518234228 -0.2994011601443936 0.17047593045735873 -0.2993179205636197 0.42191416440494034 0.46936546314974925 1.1124667118292493 1.1064790381779421
240 0.0 0.09553717344242216 -0.2992974836133441 0.16716062479674926 -0.29935525570564264 0.4196838449652295 0.460237547128407 1.0966291713385758 1.0921757387138555
241 0.0 0.09620769174938505 -0.2995745497187999 0.1678723764447632 -0.2993447169337893 0.4226293549802956 0.4621971882403305 1.0936230122062385 1.0894363614274374
242 0.0 0.09570702935819858 -0.2993013122819529 0.16494769677460316 -0.29969934005446147 0.42043000252102214 0.45414476920225005 1.0801911530553583 1.0770997924278012
243 0.0 0.09489669174850816 -0.2991602527523451 0.166224787852623 -0.29918097261416887 0.41687028234613366 0.45766093974732963 1.0978497607736089 1.0932857658381843
244 0.0 0.09466695363395651 -0.2995439209699255 0.16351832772906114 -0.29925432966987103 0.4158610691595178 0.45020933701383 1.0825955358690638 1.0793198049707686
245 0.0 0.09443118997943796 -0.2994776031106847 0.16424704611791133 -0.2993633716032634 0.41482538646694755 0.45221569206448603 1.0901350467385575 1.0862480602669229
246 0.0 0.09418741450478049 -0.2992260329734943 0.1633777322996637 -0.2996037172757166 0.4137545087674505 0.4498222404972788 1.0871718155707157 1.083531039390621
247 0.0 0.09434448626111556 -0.2993792550551315 0.16375973622388468 -0.29936718244114163 0.41444450697714086 0.45087399864481303 1.0878995644878495 1.0841990352245805
248 0.0 0.09410978766252215 -0.29917307719569414 0.16073349971052847 -0.29931075736375695 0.41341350295308943 0.44254196667477835 1.0704584236209482 1.0680606988453563
249 0.0 0.0942530143121834 -0.2994480678606941 0.16395646633331354 -0.29932887926003854 0.41404268119717413 0.4514156488278028 1.0902635629799504 1.0863657239963247
250 0.0 0.09420352896592148 -0.29921977732005006 0.1638829715455285 -0.2992495920919487 0.4138252977469389 0.4512132981791495 1.0903473050965435 1.0864423867519668
251 0.0 0.09343160583157196 -0.29946263189564226 0.16294992046785595 -0.2990494378613858 0.4104343279561416 0.44864436102749866 1.0930965820077314 1.0889558396951102
252 0.0 0.09329248583487024 -0.29928116989815146 0.16119292131572968 -0.299441570620114 0.4098231897674812 0.4438068762366605 1.0829228001677025 1.0796215780642722
253 0.0 0.09366937159513049 -0.29914700681886136 0.1616529507877703 -0.29907467575159913 0.4114788056840856 0.44507345941721627 1.0816437038045723 1.0784415735078525
254 0.0 0.09313694082003708 -0.2991498504731058 0.16141112682457917 -0.2990433087439673 0.40913989835809395 0.4444076538915951 1.086199746529324 1.08263805675629
255 0.0 0.09343082500221128 -0.29948508898235576 0.159697374675414 -0.29911547057609306 0.41043089786232007 0.43968923957317035 1.0712868886412763 1.068833428176663
256 0.0 0.09260670707908976 -0.29931021195885454 0.1599326810300185 -0.29867072971160286 0.4068106423511096 0.4403371003932563 1.0824129325830438 1.07915138375636
257 0.0 0.0919315905916932 -0.29934117727820203 0.1587000491275838 -0.29886967027283984 0.40384493305680264 0.43694333775340877 1.0819582022388545 1.078731842119328
258 0.0 0.09305211869995161 -0.29911786268762214 0.15828334581735842 -0.2989728040978454 0.4087672845135256 0.4357960429905925 1.0661226069234817 1.0640064696082487
259 0.0 0.09226783646694989 -0.2991557272621646 0.1586750697976627 -0.2991947973227985 0.40532202261991884 0.436874563031217 1.077845610774734 1.0749291577497995
260 0.0 0.0919265942492915 -0.29920762998298245 0.15811464973916753 -0.2988987131013616 0.4038229846977048 0.43533157793292016 1.0780257549203203 1.0750960422271687
261 0.0 0.09238223629356294 -0.299042428488758 0.15735631327248525 -0.2990253200951833 0.40582456793674526 0.4332436764564317 1.0675639443395162 1.0653560868329994
262 0.0 0.09094258568534194 -0.29883494787473497 0.15595259110111603 -0.2990715254585148 0.3995003479405481 0.42937885691662525 1.0747896945024027 1.0720937593825282
263 0.0 0.09106695395000936 -0.2990339945713381 0.15724735543223153 -0.2989673237729001 0.40004668346238276 0.43294368661612237 1.0822329105918784 1.0789853144416046
264 0.0 0.09187133404507516 -0.2989912282456454 0.15466302363351614 -0.29912781988425285 0.4035802329588431 0.42582833556109423 1.055126839189173 1.0536481137202438
265 0.0 0.09169410037240808 -0.29906831792650734 0.15545503259525686 -0.2986846636677825 0.4028016657632471 0.42800894634966047 1.0625798816860637 1.060681171421984
266 0.0 0.09074566631255931 -0.2990131638991388 0.1563515542487533 -0.2990606929998572 0.3986353037222642 0.4304773083054404 1.0798775328874561 1.0768098425262218
267 0.0 0.09089914639810537 -0.2988534028299243 0.15736456539627577 -0.2988905633055977 0.3993095241341375 0.4332663967424833 1.0850389749204652 1.0815706333966337
268 0.0 0.09079263618241849 -0.29892962123382205 0.15555585064009939 -0.2989159633106764 0.3988416369731835 0.4282865251737467 1.073826013813455 1.0711978857644862
269 0.0 0.09004433793646592 -0.29911415017611176 0.15388680587649764 -0.29890981950258694 0.3955544486073755 0.4236912021484734 1.0711324411598926 1.0686894181620334
270 0.0 0.0909071518816635 -0.29913154425313426 0.15480578620971774 -0.2988347121015778 0.3993446913051917 0.42622139880773285 1.0673020277662866 1.065110977363096
271 0.0 0.09016618464107601 -0.2989603409059603 0.15285762007598552 -0.29937028120043124 0.3960897072050974 0.4208575806006775 1.062530969487564 1.0606351811561887
272 0.0 0.09074307947779046 -0.299032179639978 0.15433650147964587 -0.2989233318582063 0.3986239400538306 0.42492933344643313 1.0659905006935866 1.0638826758123354
273 0.0 0.09011905315687879 -0.29888800742054106 0.15423808153680232 -0.299028547233773 0.395882664000928 0.4246583572333572 1.0726874295065414 1.070138341625246
274 0.0 0.08954645346788245 -0.2992151191354627 0.15358200247392192 -0.2992430667103776 0.3933672992434736 0.4228519975180264 1.074954624675864 1.072247001244736
275 0.0 0.08997968777380512 -0.2991859265872976 0.1536325271028031 -0.29908460727078867 0.39527044785808113 0.42299110522532357 1.070130862343636 1.06775500391723
276 0.0 0.0897866170742779 -0.2990354141983577 0.1525607767660319 -0.29891812959016145 0.39442231041997133 0.4200402922170008 1.064950640773216 1.0629076932791919
277 0.0 0.08959117354784558 -0.2989046064018468 0.15184579433421683 -0.2990239945971755 0.393563749425427 0.4180717559001583 1.062272011867229 1.0603916568802643
278 0.0 0.08946988794065099 -0.29907809309464484 0.15114091426669893 -0.2987802783196343 0.39303095566429436 0.4161310340723439 1.0587741959637917 1.0570963013612837
279 0.0 0.08815720676504442 -0.2989886053814096 0.1510694209780429 -0.2984694807950255 0.3872644978223731 0.4159341940817828 1.0740313052722938 1.071388802169092
280 0.0 0.08908915089066013 -0.2989288447482535 0.15024585652672923 -0.29910058381311505 0.39135842147364047 0.4136667026588737 1.0570021748892806 1.0554225713371923
281 0.0 0.08855323146336655 -0.29893669336184103 0.15161272416727387 -0.29893785193497446 0.3890041888986765 0.4174300518979565 1.0730734110595506 1.0704976588573412
282 0.0 0.08855098662113897 -0.29918057963026784 0.14855042487714124 -0.29886090497364975 0.3889943275642507 0.4089987295361421 1.051425947769347 1.0501367820030412
283 0.0 0.08905821967608726 -0.2991785435956846 0.14753678867775494 -0.2988657009960317 0.3912225441957847 0.40620792016549423 1.0383039683986366 1.037584157213538
284 0.0 0.08822780854996036 -0.2989001247981473 0.15034923520718574 -0.29861477764907446 0.3875746433655924 0.4139513315921319 1.068055763394353 1.065816178266539
285 0.0 0.0881353976785331 -0.299066028548209 0.1491116226917175 -0.29894795255155876 0.3871686930067977 0.41054385600326576 1.0603746207239377 1.0586054789421977
286 0.0 0.0886762306715511 -0.29899607454902954 0.14858112653364358 -0.2988766982128948 0.3895445103124106 0.40908325934152295 1.0501579370569039 1.048930802988679
287 0.0 0.08708528609639805 -0.2989319959997418 0.14642425232373713 -0.2983736716608702 0.38255567327266704 0.4031448124313199 1.05381998123964 1.0524096383629062
288 0.0 0.08782030857927066 -0.29886712348658406 0.14925854673242506 -0.2987982073090692 0.38578454273397444 0.41094837686570973 1.0652276888892553 1.0631675521688717
289 0.0 0.0868427688054861 -0.29897552567378016 0.14985088598120916 -0.298702272983426 0.3814903226300523 0.4125792439629089 1.081493342002819 1.0783027649989079
290 0.0 0.08668348622993674 -0.2990445302604319 0.14460793525667762 -0.2989273373571729 0.3807906125451312 0.3981440096838586 1.0455720192857187 1.0445567487783998
291 0.0 0.08728023679400838 -0.2987909189710825 0.14737673856843495 -0.2985520749657248 0.38341206932672306 0.4057672597538654 1.0583059121388598 1.0566542726180794
292 0.0 0.08775985696852964 -0.2990242199569472 0.14760955101788117 -0.2986529591896218 0.38551898574169624 0.40640825419142734 1.0541847982130956 1.0527555244885758
293 0.0 0.08682991280760938 -0.29900367193405875 0.14652880723829567 -0.298522940248782 0.38143384770594313 0.40343267984911135 1.057674043023386 1.0560575113623383
294 0.0 0.08686397328607368 -0.2987788890131008 0.14830090946553084 -0.2981174351047772 0.3815834714811521 0.40831174741251136 1.0700456857515628 1.067675497438243
295 0.0 0.08670602773066122 -0.29897121354021416 0.14351048097325728 -0.29861814596791386 0.3808896347723382 0.3951224268912537 1.0373672340215363 1.0366818837542386
296 0.0 0.08625156943686757 -0.29887297844541927 0.14670164135998454 -0.29861856750135857 0.37889325161337234 0.40390853803834037 1.0660219898835621 1.0639121850656421
297 0.0 0.08616786370625448 -0.298455017069283 0.14471021244780727 -0.2986343274828599 0.37852554193970805 0.39842560592477916 1.052572579073781 1.051226036642762
298 0.0 0.0865438102640272 -0.2985749431527538 0.1446355796085156 -0.298462576046468 0.38017703204750974 0.3982201219184075 1.0474597052160768 1.0463595987702898
299 0.0 0.08521356799875976 -0.29860470722957644 0.14281982502785512 -0.2983409165306401 0.37433343035293837 0.39322086784522814 1.0504561868131357 1.0492145963787267
300 0.0 0.08602829684897957 -0.2988359298188363 0.14520125436647865 -0.29819777630438365 0.3779124407438039 0.39977757459839075 1.057857671506003 1.0562309748697645
301 0.0 0.08563818371920082 -0.29859775054473053 0.14414365681792277 -0.29868786649811474 0.37619871851006376 0.39686572797070424 1.0549364164303703 1.053467753056613
302 0.0 0.08592265444034773 -0.2987642506641897 0.14378224398946127 -0.29852241206018665 0.37744836575970653 0.39587066257253345 1.0488074621166992 1.0476447523929597
303 0.0 0.0846045232301483 -0.2986174856849882 0.14442975866648233 -0.29864170850369715 0.37165796654092953 0.3976534422614953 1.0699446212938986 1.0675811522437513
304 0.0 0.08481065142855355 -0.29875914260785835 0.1422280506611599 -0.2984740514743033 0.3725634640739354 0.39159155601828066 1.0510734244745188 1.0498016539681936
305 0.0 0.08480336396069615 -0.29900494704112507 0.14395800381512752 -0.2986729649629309 0.3725314510634993 0.3963545760009901 1.0639492984269672 1.0619678966684947
306 0.0 0.08392902682762113 -0.29899281640470127 0.14185577429155105 -0.29811707591866304 0.3686905883230294 0.39056658040927605 1.0593342840286444 1.0576247231824545
307 0.0 0.08487891308195475 -0.2988914671517929 0.14292863929660043 -0.2987871025684552 0.3728633296878199 0.39352046239508587 1.0554013523522445 1.0539080625677724
308 0.0 0.08408992318161068 -0.29893386093636537 0.1423664567846431 -0.29899061964724977 0.3693973875515404 0.39197262479483563 1.0611136894955582 1.0593016191266145
309 0.0 0.08419857013914935 -0.299016091813489 0.14258125833376128 -0.29872462315233306 0.3698746611743683 0.3925640304455727 1.0613433999484168 1.0595178852295564
310 0.0 0.08445432616899542 -0.2988196303678035 0.1404950012849597 -0.29879222738946154 0.3709981680786576 0.3868200113143493 1.0426466883047714 1.041756304258535
311 0.0 0.0839600442886149 -0.29884407525514367 0.14081483356902522 -0.29870413124917866 0.3688268444715198 0.3877005944426414 1.0511723868639908 1.0498957446889459
312 0.0 0.08423441548587794 -0.2990939087899759 0.14004305765538466 -0.2987900495516809 0.3700321256711407 0.3855756906032438 1.0420059877339332 1.0411418849761045
313 0.0 0.08348997507809958 -0.2989945134440613 0.13933509773308492 -0.29851097285510175 0.36676188434594387 0.3836264891181415 1.0459824357219474 1.0449490033923208
314 0.0 0.08297910501699043 -0.29878354946535257 0.13995879332453004 -0.2983789740728501 0.3645176907635042 0.38534368854540213 1.0571330234707583 1.055546260566431
315 0.0 0.08309591059441018 -0.29879454929500265 0.13924417314204798 -0.2988492183017567 0.3650308042676885 0.38337614959707683 1.0502569786300422 1.0490250531068777
316 0.0 0.08373441075411509 -0.2989125551390796 0.14052579927537942 -0.29811425172896616 0.36783566223428266 0.3869048063525617 1.0518414772576714 1.0505316593238563
317 0.0 0.08267478442389294 -0.29898362583748994 0.139907248878864 -0.2983943198624872 0.3631808453031324 0.38520177301194275 1.060633505300728 1.0588493831093746
318 0.0 0.08244472342664647 -0.29844546920086934 0.1394195911036606 -0.2984746108789117 0.36217021372987235 0.38385912178309856 1.0598859520496158 1.058144920101065
319 0.0 0.08353124947028379 -0.2987513173150387 0.13933295655818273 -0.2984762825683238 0.36694319801669956 0.3836205938955904 1.045449529979111 1.0444396493904937
320 0.0 0.08251633390037215 -0.29888331091969444 0.1388135089921515 -0.29850245112574053 0.3624847903273377 0.3821904169388895 1.0543626302051372 1.052924084001381
321 0.0 0.08219735618024498 -0.2987976273759379 0.14068961628818902 -0.298842395012533 0.3610835577890746 0.3873558380488422 1.0727595585371807 1.0702054980159201
322 0.0 0.08103980022899311 -0.2990082217484987 0.13632694469196308 -0.2984379300337778 0.3559985472651181 0.3753442457446428 1.0543420714161444 1.0529045986763872
323 0.0 0.08242902772550999 -0.2989929976389009 0.13748533232401922 -0.2988478880755211 0.36210126431505263 0.37853359421142224 1.0453804819694648 1.0443736335312719
324 0.0 0.0815435048076932 -0.2990183364552857 0.13949579459178024 -0.29821876307033207 0.3582112637052047 0.3840689302023807 1.0721855204376152 1.069670905163328
325 0.0 0.08259698945002214 -0.29862666943452537 0.13603407141672158 -0.2984236331237094 0.36283910090588223 0.3745378879197633 1.032242354764614 1.0317308166410581
326 0.0 0.08207203696250383 -0.29869742643218483 0.13635421091446526 -0.2981795356120803 0.3605330448394598 0.375419316888814 1.0412896189751009 1.0404544446719242
327 0.0 0.08198434615869847 -0.2986347974109225 0.1381184688226233 -0.2984565401628885 0.36014782919634364 0.38027678696072736 1.055890820747971 1.0543713899433989
328 0.0 0.08147648959084276 -0.2987900393424817 0.138592241164558 -0.2978365213394563 0.35791687354412327 0.38158120790803146 1.0661168447566665 1.0640010703406788
329 0.0 0.08099773891602162 -0.29856953002484204 0.13353576000381567 -0.29826981549757575 0.35581377674160247 0.3676593738077421 1.0332915638472933 1.032746473195709
330 0.0 0.08060661083093708 -0.29880938134294355 0.13453763062759364 -0.29879958264156475 0.35409559592561785 0.3704177894273788 1.0460954434044687 1.045056982608564
331 0.0 0.08201513974261526 -0.2986868294907764 0.1371205886698015 -0.2981034907552343 0.36028310187851326 0.37752935816628946 1.0478686238623305 1.046749701914031
332 0.0 0.08193998448704067 -0.29841424341500594 0.13606708871351847 -0.2985264383434343 0.3599529534609666 0.37462879329720544 1.0407715499904358 1.0399569956672778
333 0.0 0.08174419446420096 -0.2986086303632604 0.1331475981058551 -0.29839030050835397 0.3590928703474473 0.36659066112481636 1.020879809643991 1.020664078629861
334 0.0 0.0808910637546771 -0.2984728691628436 0.13255113479792419 -0.29826913998120674 0.35534516499329344 0.36494843939868915 1.0270252007103486 1.026664888725486
335 0.0 0.0809896139449963 -0.29874862828322263 0.13447922268820803 -0.2982857530610418 0.35577808467580996 0.37025697687485126 1.0406964139239625 1.0398848291654603
336 0.0 0.08033370083557405 -0.29838124578747033 0.133258565751913 -0.29825370045173266 0.3528967336183461 0.3668961844936982 1.039670106129382 1.038898551300203
337 0.0 0.08053387950353742 -0.29869035367978636 0.13371279228647323 -0.2979700944396198 0.3537760955465229 0.3681467906478737 1.0406208765438223 1.0398122718538698
338 0.0 0.08016441718661582 -0.29851285422840446 0.13385355134188778 -0.2979581076777834 0.3521530899650476 0.3685343376702594 1.0465174044244157 1.045460062371176
339 0.0 0.07935712841293295 -0.2983617310658706 0.1332546262120292 -0.29804254135016084 0.3486067629770435 0.36688533789525346 1.0524332194880959 1.0510937154887539
340 0.0 0.08055157712320661 -0.29847903199170983 0.13324686643147107 -0.2980122679699152 0.35385383915983976 0.36686397316073743 1.0367669714472727 1.0361032675438047
341 0.0 0.08012230267691815 -0.29869144246105794 0.13435337585919033 -0.2983841410597874 0.35196808575441546 0.36991048716789177 1.0509773531739908 1.0497103033293866
342 0.0 0.07993903194819676 -0.2984827106276462 0.13338841145810804 -0.2982146074028587 0.35116299846401405 0.3672536841704135 1.0458211308616798 1.044794855396161
343 0.0 0.0795595732350531 -0.29840953341460846 0.13179383323229238 -0.2985117253482088 0.34949607986050657 0.3628633872793478 1.038247374403102 1.037529668757015
344 0.0 0.07933729806989893 -0.2987828619885824 0.13094261904615512 -0.298197864052784 0.34851965055460504 0.36051976880110237 1.034431683342392 1.033848945260058
345 0.0 0.07895242339879809 -0.29853146781087797 0.1316608820328566 -0.2985351492315486 0.34682894026899375 0.36249733735586553 1.0451761524707819 1.044178250774345
346 0.0 0.07965555110048446 -0.2984846336228309 0.13139068454524158 -0.297955355555584 0.34991769961483254 0.36175341199011984 1.0338242746460533 1.033261747406314
347 0.0 0.07894229282731582 -0.29871643879521836 0.1310454327542979 -0.29837626681400714 0.34678443783043317 0.36080284221569586 1.0404239719433928 1.0396231101959572
348 0.0 0.0791328206942352 -0.29854046903017634 0.13135970087752485 -0.29839092172782966 0.3476214048965558 0.36166810573304925 1.0404080434594454 1.039607806476723
349 0.0 0.07941776982326103 -0.29876607296439117 0.12904788081200255 -0.2981954368242914 0.34887315373713795 0.35530305177580357 1.0184304752881912 1.0182621849143054
350 0.0 0.07938345642476179 -0.29843571728183843 0.13047932982435562 -0.2979366076618461 0.348722418913225 0.3592442106646615 1.0301723983913256 1.0297239765600534
351 0.0 0.0787202023986739 -0.2988870356511993 0.13117505475468696 -0.2976822595173634 0.3458088200508409 0.36115972597097906 1.0443913082317602 1.0434274084936852
352 0.0 0.07845175253886814 -0.2986246474300907 0.13076530513309917 -0.29768612722758675 0.3446295506075016 0.3600315765577685 1.044691541752925 1.04371470301541
353 0.0 0.07882393559269488 -0.298315822297852 0.13034382443778045 -0.2976290438065048 0.3462645080741367 0.35887112838636853 1.0364074862374653 1.035756582593136
354 0.0 0.07831466905301662 -0.29860867553032505 0.12873608265740394 -0.2986884406440094 0.34402735857742156 0.35444458873735707 1.03028023760381 1.0298286286227636
355 0.0 0.07881579298663136 -0.29862346809962587 0.13017604909074904 -0.2981903498705661 0.34622873853964414 0.35840919834584467 1.035180383516332 1.0345722509918736
356 0.0 0.07858154450437806 -0.29840983886204836 0.13060478824021296 -0.29719199900519017 0.34519971182504716 0.359589630967146 1.041685779707116 1.0408346672357154
357 0.0 0.07710701870205616 -0.29819601241301874 0.1298891763038576 -0.2980672458830844 0.3387222891012961 0.3576193614572991 1.0557892791942953 1.0542752895531786
358 0.0 0.07752277327230113 -0.2986351351411367 0.12890262673150307 -0.29762590321196597 0.3405486512419704 0.35490312875684643 1.0421510332298356 1.0412810145223883
359 0.0 0.07726136391653327 -0.2986422918643255 0.12820941088952365 -0.2979879702066683 0.33940030992533454 0.3529945216364131 1.0400536219724408 1.0392672246857066
360 0.0 0.0774713021223851 -0.29832337989022356 0.12928191338613124 -0.29748825511954025 0.34032254438405124 0.35594740554031057 1.045911919189893 1.0448816185675016
361 0.0 0.07619657624806322 -0.298450843051949 0.12720890341867472 -0.2981255245813161 0.3347228198272589 0.3502398591384292 1.0463578770015687 1.0453076927770764
362 0.001 0.07757161740175135 -0.29853980213157444 0.12753678055381748 -0.29806065012370403 0.34076321790029845 0.35114259187600466 1.0304591969745487 1.0300022743820056
363 0.001 0.07764903357557788 -0.29836693903873535 0.12926365157247982 -0.2978938074898325 0.341103298272402 0.3558971259225402 1.0433705206753057 1.0424499817693096
364 0.001 0.07663341940994688 -0.2981424190006065 0.1273793966898446 -0.2981247166038194 0.3366418217321728 0.35070927234516097 1.0417875905631833 1.040932358249525
365 0.001 0.0766192120676604 -0.2986257139803967 0.12716814985674998 -0.2980020852228848 0.33657941050706863 0.3501276537706891 1.040252739296232 1.0394585813031347
366 0.001 0.0767444254187847 -0.2986041062229485 0.1273606467251669 -0.2985325741430154 0.3371294583967783 0.3506576487181106 1.040127582993387 1.0393383073959614
367 0.001 0.07624949563420261 -0.2983401356054393 0.13326121810916614 -0.29826471805015137 0.3349552886207967 0.36690348713687615 1.095380486893127 1.09103882324928
368 0.001 0.07628388738816311 -0.29885645992093096 0.14417384035394565 -0.2990552487946379 0.3351063676512637 0.39694883125294983 1.1845457728396374 1.1689557391143612
369 0.001 0.07653308707084185 -0.2986465418927298 0.14739847595312833 -0.2986962911388039 0.33620107327444987 0.4058271085407698 1.2070964098603052 1.1876641264378778
370 0.001 0.07648776942437914 -0.29849122762882896 0.14963906342192987 -0.2992753055275784 0.33600199805140374 0.4119960402615127 1.2261713997262687 1.2031931591198044
371 0.001 0.07647662387140482 -0.2986335408005059 0.151444222887149 -0.2991944682348421 0.3359530369155654 0.41696612317103915 1.2411440807300536 1.2151973028449834
372 0.001 0.07620903531131716 -0.2981769914795825 0.15350363079849766 -0.2988139039217208 0.3347775510630979 0.422636219503883 1.2624389483756806 1.2319964908349008
373 0.001 0.0769963318596621 -0.2984243186779231 0.15330949279513387 -0.2990952475323689 0.33823605449827016 0.42210170607656605 1.2479500646455324 1.2206010431860996
374 0.001 0.07704925072304294 -0.29863100859353614 0.15434232736685555 -0.29931767134967774 0.33846852099538965 0.42494537365950663 1.2554945210556077 1.226552996401013
375 0.001 0.07622675373211131 -0.298810746482947 0.1555998536432213 -0.29915439923615106 0.33485538605337095 0.42840767711516675 1.2793811745554093 1.2451377397287686
376 0.001 0.0763378213158524 -0.29845610194858463 0.15410941997573915 -0.29956900836819117 0.335343293209464 0.42430411782233907 1.2652828501845357 1.2342160937323348
377 0.001 0.07660664579368573 -0.2985611322483176 0.1543403191174599 -0.29911058116370887 0.3365242083068303 0.42493984441613963 1.2627318746373672 1.2322253710943754
378 0.001 0.07632911316034702 -0.2985030775394871 0.1549939542140053 -0.2994058933831026 0.3353050392811409 0.4267394752437755 1.2726903125543847 1.239971377576644
379 0.001 0.07672310186225435 -0.2986977950161024 0.15403540283494224 -0.29946771883202733 0.33703578645871973 0.4241003289972659 1.2583243264857569 1.2287752236967158
380 0.001 0.0761388748135356 -0.2986537007815029 0.15383850330072085 -0.2991752482732297 0.33446934404364503 0.42355821234287455 1.2663588453942263 1.2350544318570997
381 0.001 0.0761057817684719 -0.2986330473874777 0.15471817289064724 -0.2990757178212934 0.3343239700924018 0.42598017609685934 1.2741538573471871 1.241104054117947
382 0.001 0.07591621015266 -0.2986156429636187 0.15482769939322955 -0.2990926149420695 0.3334912037277138 0.42628173161542315 1.2782398061793265 1.2442585766648881
383 0.001 0.07570652865115596 -0.2986217777256649 0.1528527690474021 -0.2991387586898488 0.3325700969417533 0.4208442244320284 1.2654301402983188 1.2343308986463526
384 0.001 0.07595769752730806 -0.2984855155920958 0.15218729363852254 -0.2992482065102091 0.3336734530060045 0.4190119940833478 1.2557546616566098 1.2267575157918862
385 0.001 0.07524466115337429 -0.2985777660218946 0.15255585131666402 -0.299123025636725 0.3305411659994924 0.42002673114818845 1.2707244190844098 1.2384476220972425
386 0.001 0.07535790065531048 -0.2984199434297406 0.15042132099171007 -0.29891474819647895 0.3310386141431008 0.41414980288100534 1.2510619160034828 1.2230608711547268
387 0.001 0.07552344440012544 -0.2988864269171272 0.1494450860949075 -0.29930986994785214 0.3317658288264592 0.4114619692187905 1.2402180498040951 1.214459525335136
388 0.001 0.07501234063594626 -0.2985586194354966 0.15002253694307272 -0.2987379822529811 0.3295206086132383 0.41305184459925115 1.2534932074128764 1.2249780088788458
389 0.001 0.07493897631978685 -0.2988243071545927 0.15044649470509777 -0.29889146224580565 0.3291983275871246 0.41421911279244983 1.2582661516797162 1.2287295954798028
390 0.001 0.07500260685840952 -0.29839656313661445 0.1499421082344184 -0.29860652787593284 0.32947784924496876 0.41283040302690255 1.2529837862331092 1.2245766594317904
391 0.001 0.07497500836617568 -0.29840068854789453 0.14726755288769855 -0.29915143016657675 0.32935661223409024 0.4054666426082621 1.2310869967294802 1.207151937211079
392 0.001 0.07467325735781531 -0.29875728138935115 0.14738282330778238 -0.2990172173376162 0.3280310546647412 0.4057840126555466 1.2370292595323682 1.211914313165414
393 0.001 0.07477797841669999 -0.2983448974028242 0.14714248729026141 -0.29909424702748316 0.3284910822650766 0.4051223038391016 1.2332825020564402 1.208914458284279
394 0.001 0.07443492753191851 -0.2983307446906397 0.1491009515077884 -0.29858332029359164 0.3269840990756422 0.4105144754028855 1.2554569979499828 1.2265234922963917
395 0.001 0.07396412815919635 -0.2983457051128967 0.14626786686862134 -0.29891284805993207 0.32491593143124003 0.40271424178493376 1.2394413533709956 1.2138402535173054
396 0.001 0.07408969313453324 -0.2983872780589409 0.14426178638649473 -0.29863986745412 0.3254675239657848 0.3971909700122975 1.2203705155358378 1.1984988667377041
397 0.001 0.0738617569944493 -0.2982681711635044 0.14374873382848852 -0.2988714441467265 0.3244662266463219 0.3957784002092602 1.2197830396710927 1.1980220911172095
398 0.001 0.07470030948087979 -0.29820171835295806 0.14228970206466446 -0.29884075899162565 0.32814989153852636 0.3917612986880061 1.1938486307316407 1.1767201510771441
399 0.001 0.0737648419297492 -0.29826220378621465 0.14227838110036428 -0.29844235808467556 0.32404048988310374 0.3917301290698799 1.208892534421223 1.189137797485433
400 0.001 0.07296608780718 -0.29841590130866297 0.14308072764175483 -0.2987042617408985 0.32053165463853056 0.3939392019577418 1.2290180899667906 1.20548787019508
401 0.001 0.0736479447913239 -0.2983108734730394 0.14259703004745267 -0.29853912321032305 0.32352697416192394 0.39260745415753934 1.2135230923930347 1.1929260129490633
402 0.001 0.0730460270310701 -0.2982420259822961 0.14149949243364898 -0.2986007679852644 0.32088281848017336 0.38958564193428186 1.2141056469757776 1.19340147320271
403 0.001 0.0736054826965688 -0.29828049561307457 0.14016984411201788 -0.29826968861668113 0.323340443050002 0.38592476735430836 1.193555509833418 1.1764765094530176
404 0.001 0.07329362962830603 -0.29815737827460376 0.13986451002445952 -0.29832524282249756 0.32197050829019247 0.38508410160731554 1.1960229017629114 1.1785253711202641
405 0.001 0.07316102351527198 -0.29803486163451953 0.14104711370749137 -0.29785857701662494 0.32138798484535175 0.38834012328685513 1.208321846486327 1.1886698234840987
406 0.001 0.07319308415129638 -0.2981790501423163 0.13927220605828328 -0.29873670394062796 0.32152882354210116 0.3834533316524961 1.192593956050993 1.1756768101266388
407 0.001 0.07264171376120274 -0.29813891203430753 0.1380346414821032 -0.29878349864332576 0.3191067166597582 0.3800459880532085 1.1909683131440498 1.174323208599954
408 0.001 0.07258332372205073 -0.298071223133539 0.1385010709909978 -0.29851457675789866 0.31885021591501145 0.38133019223312803 1.1959540034772014 1.1784682221639584
409 0.001 0.07292948728338126 -0.2979444495366204 0.13963372699592558 -0.297988414824485 0.3203708727355067 0.3844486947039226 1.2000113849966554 1.181827590857635
410 0.001 0.07290669409724282 -0.29823008824786695 0.13699211654710453 -0.2982873395999482 0.320270744883144 0.3771756403293507 1.1776774693141872 1.1631807022094443
411 0.001 0.0721090883331024 -0.29827652001458405 0.136028704696662 -0.2984319321775564 0.3167669542454335 0.37452311191566934 1.1823301228116299 1.1670967383951267
412 0.001 0.07213924418734957 -0.29822668131499586 0.13669239711970288 -0.29840807865784563 0.31689942545431105 0.3763504332313168 1.1876021317860581 1.17151394127861
413 0.001 0.07173398914302313 -0.29807872978191635 0.13624817930862995 -0.2977382803007166 0.31511918652671733 0.37512738374817717 1.1904301603557612 1.1738746697359503
414 0.001 0.07200239006094945 -0.29812460713071726 0.1361757215885714 -0.29805027437849974 0.31629824097399384 0.374927888422105 1.1853619143361969 1.1696395577503238
415 0.001 0.07125917506519121 -0.2981102630525745 0.13630301108307408 -0.2980156778171999 0.3130333827432485 0.37527835016987815 1.1988445030403778 1.1808627238219278
416 0.001 0.0707308324103592 -0.29794232511058527 0.1305142859394019 -0.2979590660704077 0.310712434060664 0.3593404541231051 1.156504905281476 1.145146811303959
417 0.001 0.07078868802874698 -0.2977081062569168 0.13206889516895362 -0.2984027699932079 0.31096658715629083 0.3636207057638371 1.1693240392450346 1.1561076502927268
418 0.001 0.0713635459000349 -0.2979002081037612 0.13095709101322148 -0.2981423836924621 0.3134918718495421 0.36055961396579256 1.1501402311918323 1.1396562224303006
419 0.001 0.07131494165203663 -0.29811423201460135 0.1308812605063162 -0.2980640336621657 0.3132783589629184 0.3603508324627441 1.1502576611281263 1.1397578195808349
420 0.001 0.07058734121438984 -0.29773309240555834 0.13047347508750096 -0.2981260086513174 0.3100820936949908 0.35922809102086173 1.1584935032534092 1.1468556685619098
421 0.001 0.06998943538951319 -0.29795879758467236 0.13202888910686456 -0.2981072056657299 0.3074555619851892 0.36351055846145336 1.1823190190944226 1.1670874125177884
422 0.001 0.07055274841787419 -0.29768355909180366 0.1326018961996702 -0.29825358727791335 0.3099301315076383 0.3650881990044981 1.1779693611219613 1.1634268730302817
423 0.001 0.07034607154803492 -0.29857709351050415 0.13098648830491755 -0.2985358222331974 0.3090222237239545 0.3606405525088189 1.167037594134247 1.1541621562878148
424 0.001 0.07064007795899323 -0.29789186565541936 0.1300121386222099 -0.29845062085432356 0.31031376016520973 0.3579579093411473 1.1535354060695602 1.1425891635093004
425 0.001 0.06989308903527437 -0.29804790631617173 0.13093833457887388 -0.29849139164499866 0.3070323235017972 0.3605079725260246 1.1741694438367964 1.1602169916705631
426 0.001 0.07101107658729487 -0.2984090638448984 0.13304450592832504 -0.2985830252797063 0.311943514586365 0.36630682101012274 1.1742729176333193 1.1603045470694766
427 0.001 0.0707903048324461 -0.29850271777630266 0.129352850070439 -0.2989002578935758 0.3109736895894961 0.356142713051436 1.1452503056498629 1.1354157184057476
428 0.001 0.07021033200486297 -0.2987689757759653 0.12988214512701377 -0.2984881861632962 0.30842593547991765 0.3576000027621042 1.1594355779635412 1.1476641207457525
429 0.001 0.06908756455313295 -0.2984262415288932 0.12899241212849175 -0.29863077682258043 0.30349374684417313 0.3551503317744725 1.1702064225950004 1.156857357736024
430 0.001 0.0704739620945403 -0.2983980692243667 0.1289357739570139 -0.29866048267247713 0.309584032225903 0.3549943918625076 1.1466818534215248 1.1366591450780037
431 0.001 0.06999314887754264 -0.2985132020247512 0.12792738702887563 -0.29857444640146474 0.3074718749121712 0.35221803512821687 1.1455292788285996 1.135658161615072
432 0.001 0.06970803859068272 -0.2981956398478185 0.12728914534640964 -0.29856301924529605 0.3062194181237084 0.3504607864533545 1.1444760381321513 1.1347425063867729
433 0.001 0.06982470800995913 -0.29841474126325573 0.12741301669414476 -0.29879143621284376 0.3067319335007861 0.35080183713625557 1.143675629506494 1.134046053916814
434 0.001 0.06960181514072797 -0.29820425495299696 0.1288090266285527 -0.2987853260030632 0.305752790691724 0.35464542284168116 1.1599090299040091 1.1480701526685277
435 0.001 0.06917565550751818 -0.2984028360544405 0.12696630549895002 -0.2984712403695283 0.30388072030289004 0.34957192270514353 1.150359003877282 1.139845489619335
436 0.001 0.06918387749535841 -0.29907568805870843 0.12510828584706404 -0.29875219595543395 0.30391683855242274 0.3444563016781216 1.1333899869411355 1.12504979188769
437 0.001 0.0693185065203596 -0.29853468434855807 0.12711408750645173 -0.29837871482688627 0.30450824841751023 0.34997880577778695 1.1493245506372365 1.1389502116773984
438 0.001 0.06888286416726674 -0.29864554462941484 0.12574014688081814 -0.29859387328809933 0.30259452152788335 0.34619598273431884 1.1440920377086792 1.1344084443899765
439 0.001 0.06957336575084815 -0.2983818443584384 0.1262474308949943 -0.29843786880143475 0.30562781578508336 0.34759267020581974 1.1373070520853572 1.1284860328808513
440 0.001 0.06912291919180728 -0.29838582859310675 0.12553593940362776 -0.2988001369788544 0.3036490557167466 0.345633745374165 1.138267150405971 1.129326356979968
441 0.001 0.06858839117012386 -0.29854007256055337 0.12517139167863592 -0.2987551913886336 0.30130093542703595 0.34463004877417036 1.1438067667653395 1.1341601948409938
442 0.001 0.0687019882569961 -0.29826057922773463 0.12566688203986548 -0.2984496673430454 0.301799954400254 0.3459942651902991 1.1464357768968831 1.136445523759007
443 0.001 0.0682002222182618 -0.2982305107991235 0.12297302223173182 -0.2982298111964157 0.29959575374388964 0.338577354467988 1.1301139960662523 1.1221662280108369
444 0.001 0.06758826561857695 -0.2986170104782123 0.12201538324421704 -0.29846907245914994 0.2969074985919579 0.33594072027746474 1.1314659342408542 1.1233572933340614
445 0.001 0.06799960855605426 -0.2984462053925645 0.12425538245670757 -0.2989781233873226 0.2987144809358914 0.3421080323725213 1.1452676525780576 1.1354307956897438
446 0.001 0.06788893710667407 -0.29866967460927735 0.12255672991855329 -0.2982857540232736 0.29822831395260985 0.33743119128907756 1.1314525667160404 1.1233455238636356
447 0.001 0.07856850113938993 -0.30133765975659776 0.12247940073603168 -0.2984891424565249 0.3451424138187083 0.3372182835344645 0.9770409837592255 0.9767743648924068
448 0.001 0.06812981508857725 -0.29875809246449864 0.12096434799437542 -0.2983850352298794 0.2992864632987753 0.33304694139909097 1.1128032244699717 1.106780625061068
449 0.001 0.06831204833766773 -0.29843766877205036 0.11990810343312037 -0.2983525418418725 0.3000869930601554 0.330138819904386 1.1001437167861734 1.095368441679241
450 0.001 0.06721094884627336 -0.29829413050282305 0.11987228567445547 -0.2987006992893784 0.29524998928888363 0.33004020411246954 1.11783307734364 1.1112770204641773
451 0.001 0.06801793829133897 -0.2985649380500399 0.12194339235446715 -0.29886140783064646 0.2987950013606046 0.33574251025908053 1.1236550435255954 1.1164549241672592
