Peak Method: Poly Fit
File Time(Hrs) PeakHeight_E2_30Hz PeakHeight_E2_100Hz Norm_E2_30Hz Norm_E2_100Hz NormalizedRatio_E2 KDM_E2
1 0.0 1.3316515346814413 2.480264329278725 1.0 1.0 1.0 1.0
2 0.0 1.3088383822032483 2.456456823332701 0.9828685268750504 0.9904012222951464 1.00766399087378 1.0076347346056094
3 0.0 1.2955227656202624 2.429440787898784 0.9728692017992367 0.9795088205801351 1.006824780524061 1.0068015709097222
4 0.001 1.2827097438712372 2.4062371697000344 0.963247298909987 0.9701535200483175 1.0071697280087322 1.0071441173197098
5 0.001 1.2701832557067974 2.384641689954151 0.95384056761565 0.961446593334517 1.007974105921999 1.0079424389970784
6 0.001 1.2589290697214892 2.3623745227378095 0.9453892680885553 0.9524688537631798 1.0074885403437448 1.0074606058199091
7 0.001 1.2460451846272917 2.3389792186935665 0.9357141505682053 0.9430362687890427 1.0078251656410144 1.0077946683555152
8 0.001 1.2352593254763633 2.3193065883315285 0.9276145397691169 0.9351046019381313 1.008074541577236 1.0080420735486182
9 0.001 1.2239692646835465 2.2972411725422717 0.9191363001555398 0.9262082050788201 1.0076940764085627 1.007664590436334
10 0.0 1.213215796466102 2.2773846570125897 0.911061013237467 0.9182023988849873 1.0078385372041585 1.007807935806505
11 0.0 1.202802081592381 2.2572676053096075 0.9032408631437625 0.9100915489785855 1.0075845614546035 1.007555907332848
12 0.0 1.1931904604716692 2.239654846751364 0.896023043113231 0.9029903870780854 1.0077758535546657 1.0077457386898034
13 0.0 1.1819833787012612 2.2193116599300993 0.8876071163647299 0.8947883633739504 1.0080905694386857 1.0080579726450758
14 0.0 1.1719589691929286 2.2003915306268027 0.8800793140476391 0.8871600920320815 1.008045613470764 1.0080133772029787
15 0.0 1.161278161467635 2.1807198501264793 0.87205859132317 0.8792288081491075 1.0082221732545038 1.008188509582263
16 0.0 1.1511683024436934 2.1612381647501024 0.8644666209310357 0.8713741270385494 1.0079904833110553 1.007958686435485
17 0.0 1.142301283791312 2.145606088648492 0.8578079580440496 0.8650715423030925 1.0084676111837492 1.00843191210712
18 0.0 1.1326307826820994 2.1279630783974426 0.8505459222506346 0.85795818343937 1.0087147101582967 1.008676901816097
19 0.0 1.1225244329543784 2.110968817025423 0.842956587154694 0.8511063889868967 1.009668115720777 1.009621604328742
20 0.0 1.113619323412422 2.0926958188138087 0.8362693200205885 0.8437390297921901 1.0089321820049761 1.0088924674361697
21 0.0 1.1041610341344494 2.0742558521669707 0.8291666441090294 0.8363043517906722 1.0086082909055183 1.0085713983602422
22 0.0 1.0956065955979284 2.0578256230728584 0.8227427123868559 0.8296799654701665 1.008431862086247 1.0083964631764886
23 0.0 1.0869422427058453 2.0410043694791966 0.816236240786419 0.8228979247839815 1.0081614655962154 1.0081282961913545
24 0.0 1.079175369362929 2.0255472744102008 0.8104037289463194 0.8166658893970552 1.0077272108050117 1.0076974708151845
25 0.0 1.0706989492027787 2.0120137118792627 0.8040383849059373 0.8112093893090692 1.008918733903445 1.0088791385663627
26 0.0 1.0622388339688769 1.9958989921724424 0.7976852850043735 0.8047122109573139 1.0088091457684365 1.0087705153941509
27 0.0 1.0537021517811809 1.9783408365474315 0.7912746873627479 0.7976330640221496 1.0080356123618635 1.0080034560267703
28 0.0 1.045960164774442 1.962717360474926 0.7854608638472809 0.791333946670795 1.0074772443718547 1.0074493939025388
29 0.0 1.0365747840260155 1.9471449568809476 0.7784129383923143 0.7850554208660446 1.0085333659631215 1.0084971114821681
30 0.0 1.0291583515936509 1.930668237953796 0.7728435891750367 0.7784122906429273 1.0072054702217752 1.007179604010325
31 0.0 1.021894456614973 1.913521716305695 0.7673887875324917 0.7714991074609204 1.0053562418362214 1.0053419354870503
32 0.0 1.0141447972273454 1.9008664445282193 0.7615692024640289 0.7663967191275141 1.0063389074136215 1.0063188800159322
33 0.0 1.0055393101793015 1.8863430020719534 0.7551069360047314 0.7605411164464525 1.0071965706876873 1.0071707682175062
34 0.0 0.9991038209118415 1.8717369881051127 0.7502742233168739 0.7546522223497946 1.005835198513906 1.0058182232700168
35 0.0 0.9920902094600024 1.8581168763776077 0.7450073713896413 0.7491608271115033 1.0055750531892251 1.005559555779635
36 0.0 0.9846815264463658 1.8422557743106154 0.7394438415767095 0.7427659030383885 1.004492648765044 1.004482579437557
37 0.001 0.9777339757274603 1.8281384860674734 0.7342265977723329 0.7370740547637946 1.0038781719432406 1.003870666388346
38 0.001 0.9691701717674732 1.8127183750912081 0.7277956331115699 0.7308569307281684 1.0042062599407342 1.0041974321952858
39 0.001 0.9607817117066588 1.8003095394160482 0.7214963424620674 0.7258539012007597 1.0060396130683384 1.0060214295161405
40 0.001 0.9535731522191782 1.7875021404179279 0.7160830948520572 0.7206901777834879 1.0064337267065109 1.0064130966509137
41 0.001 0.9459717981953872 1.7747788482884062 0.7103748792822766 0.715560364811811 1.007299646539829 1.007273101006531
42 0.001 0.938918101528543 1.7588648053788347 0.7050779254748141 0.7091440958997796 1.0057669801848175 1.0057503989663705
43 0.001 0.9319929373596096 1.7462544627123862 0.699877492787602 0.7040598222126618 1.0059758021484613 1.0059580002331643
44 0.001 0.9249351632024627 1.7340829658060102 0.6945774770001871 0.6991524836025406 1.0065867477046802 1.006565126289421
45 0.001 0.9182286603172543 1.720795392029686 0.689541247393158 0.6937951619576381 1.0061691952157499 1.0061502242487443
46 0.001 0.9114720289217075 1.7072529852885054 0.6844673739213244 0.6883350960359068 1.0056507033964588 1.0056347831523103
47 0.001 0.905059429584071 1.6942302302413736 0.6796518503623248 0.6830845447565926 1.0050506658555227 1.005037943371239
48 0.001 0.8986156042665243 1.6826282705296762 0.6748128777409413 0.6784068337663809 1.0053258557208793 1.0053117110176237
49 0.001 0.8924870376504259 1.6699520574111375 0.6702106477607352 0.6732960022437483 1.0046035593336538 1.0045929872889021
50 0.001 0.8866156952863093 1.6589098442636896 0.6658015796139989 0.6688439714593283 1.0045695173133913 1.0045591008682158
51 0.001 0.8797250897041522 1.6448185440094676 0.660627098600987 0.6631626010957429 1.0038380237506535 1.0038306726443584
52 0.001 0.8737294995080447 1.6340815224684775 0.6561247268919034 0.6588336183279617 1.0041286226917412 1.0041201174864676
53 0.001 0.8681198340345873 1.61973018883873 0.651912164275213 0.6530474069712388 1.001741404376597 1.0017398894510445
54 0.001 0.8624447347974638 1.6100549539733038 0.6476504643564869 0.6491465183638377 1.0023099713343637 1.002307306428509
55 0.001 0.8553697305906098 1.596583028225723 0.6423375097113766 0.6437148691688108 1.0021442924266608 1.0021419958938742
56 0.001 0.8494041482626926 1.58704307406515 0.6378576723270835 0.6398685234193047 1.003152507494164 1.003147546162731
57 0.001 0.8434657653415343 1.5780987987272965 0.6333982602613144 0.6362623451453727 1.0045217757353433 1.0045115755688756
58 0.001 0.8381431591842556 1.5651520742103457 0.6294012640362082 0.631042448070646 1.0026075321551045 1.002604136969662
59 0.001 0.8322815553692635 1.5552236182593333 0.6249995090257322 0.6270394650684675 1.0032639322323873 1.0032586142842896
60 0.001 0.8263678885705303 1.544148865603347 0.6205586574630537 0.6225743149127957 1.0032481336381356 1.0032428670054334
61 0.001 0.820654536539223 1.5347635744401487 0.6162682317153945 0.618790326628802 1.00409252786954 1.0040841705785817
62 0.001 0.815666147696902 1.52107851193432 0.6125222150493195 0.6132727443516708 1.0012253095216976 1.001224559289619
63 0.001 0.809918257582467 1.5146649144298863 0.6082058530246175 0.6106868919371828 1.0040792749695306 1.004070971663127
64 0.001 0.8042176639282843 1.5031359697750304 0.6039250081446194 0.6060386193644735 1.0034997908537477 1.0034936772838459
65 0.001 0.7994141598755959 1.4930337954538118 0.6003178301948433 0.6019655960975717 1.0027448225254172 1.0027410606628917
66 0.001 0.7936689284542808 1.4844869625158026 0.5960034647083127 0.5985196597765448 1.00422177926342 1.0042128863253563
67 0.001 0.7891391524171922 1.473230988238356 0.592601842047192 0.593981444174049 1.0023280422519292 1.0023253355122679
68 0.001 0.7836512994108489 1.4641008887520002 0.5884807541623978 0.5903003447933991 1.0030920138307517 1.003087240934917
69 0.001 0.7790490964398487 1.4537808825807588 0.5850247426975808 0.586139495463988 1.001905479691794 1.001903665993349
70 0.001 0.7736968421522761 1.4442040267131233 0.5810054822918523 0.582278271579669 1.002190666571331 1.002188269686705
71 0.001 0.7691619757097214 1.4355970608303323 0.5776000370049669 0.5788080906875809 1.0020915055492 1.0020893206363475
72 0.001 0.7643782813102007 1.4586475736250577 0.5740077350588988 0.5881016617487865 1.02455354837412 1.0242557658144815
73 0.001 0.7476691693882458 1.639516527109663 0.5614600741380168 0.6610249188990448 1.177332012278674 1.1628892711618088
74 0.001 0.7207184562139446 1.79117878321631 0.5412215113666019 0.7221725370445475 1.3343381995683032 1.2864522369810283
75 0.001 0.7031304158153944 1.8777138442892465 0.5280138215615077 0.7570619881612765 1.433791990373281 1.3564741704213994
76 0.001 0.6930517677101307 1.9239086340203357 0.5204452889215669 0.7756869343759901 1.4904293513412685 1.3938512458320798
77 0.001 0.6854124942765338 1.9514740420127055 0.5147085978769204 0.7868008336757417 1.5286335548330696 1.4181179624249414
78 0.001 0.678828525589779 1.965309905976028 0.5097643849839206 0.7923792165117945 1.5544028571882054 1.4340762895939383
79 0.001 0.6732906850520521 1.9736221536732046 0.5056057591020742 0.7957305720907356 1.5738162743713717 1.4458875173687527
80 0.001 0.6676943504571682 1.9771934983873507 0.5014032072714087 0.7971704769718354 1.5898790941325756 1.4555263567855032
81 0.001 0.6627862652821932 1.9769690541470482 0.4977174944199989 0.7970799849070772 1.6014707014386382 1.4624082071007136
82 0.001 0.6576697072159732 1.9744717322937504 0.4938752294332777 0.7960731076062114 1.6118911420597184 1.4685426067008178
83 0.001 0.6529418555146549 1.9690047805233917 0.4903248624054281 0.7938689265010674 1.6190672498361955 1.4727387201492546
84 0.001 0.648548986937385 1.9603777112315584 0.4870260500188073 0.7903906402595594 1.6228919176480134 1.4749657532259812
85 0.001 0.64428301253065 1.9531311326354626 0.48382252845507057 0.7874689441683194 1.6275987533752192 1.477697557565859
86 0.001 0.6396667190419976 1.9440071614080807 0.4803559357553845 0.7837903155964868 1.6316865416973272 1.4800621439435686
87 0.001 0.6353754717565607 1.9374509975205 0.4771334355939865 0.781146982863686 1.637166722326284 1.4832206602123583
88 0.001 0.6310128721816 1.9260489174339455 0.4738573536300931 0.7765498599070896 1.6387840221496004 1.48415028800215
89 0.001 0.6268392448691884 1.916563990911527 0.470723179858867 0.772725700356653 1.6415713808449646 1.4857497968801767
90 0.001 0.6229253173078177 1.9059165359394683 0.46778402689021376 0.7684328292919165 1.6427085687392726 1.486401396159912
91 0.001 0.6185342400567606 1.8938604753566324 0.46448655969500824 0.7635720326258039 1.6439055483697558 1.487086650101242
92 0.001 0.6143940826150356 1.8824728091349243 0.4613775200296761 0.7589807210920773 1.6450318625043958 1.4877308826772773
93 0.001 0.6104471121943789 1.8711292634725396 0.4584135536181472 0.7544071982104724 1.64569130265918 1.488107816667951
94 0.001 0.6065915187064093 1.8592782702980912 0.4555182064589582 0.7496290812031231 1.6456621723870966 1.4880911698597832
95 0.001 0.602270446397597 1.8465470169649052 0.4522733092795726 0.744496058410795 1.6461198198865745 1.4883526551071071
96 0.001 0.59826740391145 1.8342762051961472 0.4492672357071011 0.7395486777530542 1.6461219937151206 1.488353896947868
97 0.001 0.5945047825807706 1.8201432335645222 0.44644170572971137 0.7338505062054536 1.643776772615746 1.487012957587032
98 0.001 0.5906307099212427 1.8095119742320094 0.44353248168826226 0.7295641649445588 1.6448945569162046 1.4876523755775843
99 0.001 0.5868796678405488 1.7951907807364478 0.44071564711630257 0.7237901055725376 1.6423063494760222 1.4861709919467843
100 0.0 0.5831018400349421 1.7824155762318696 0.43787869787904554 0.7186393624223939 1.6411836563488238 1.4855275056753887
101 0.0 0.5792555345396977 1.7692840881063603 0.43499032551204747 0.713344971832449 1.6399099703947146 1.4847968132027143
102 0.0 0.5754942117782775 1.7558562885842548 0.43216577069161544 0.7079311135740389 1.6381008436672415 1.483757734431572
103 0.0 0.57222117598576 1.7424357296895323 0.42970789360645106 0.7025201746122932 1.6348784489765456 1.4819034056186908
104 0.0 0.5684943974920316 1.7301987470927997 0.4269092797073427 0.6975864332959831 1.6340390487042038 1.4814196274091795
105 0.0 0.5648309593816521 1.7172270231403672 0.4241582310921688 0.6923564568780242 1.6323070168773322 1.480420416633185
106 0.0 0.5615956047695363 1.7030712149571627 0.42172865058416475 0.6866490780248512 1.628177447924696 1.4780327511148288
107 0.0 0.557948694229708 1.689250473944412 0.4189900133019266 0.6810767925028602 1.625520348648674 1.4764924781258102
108 0.0 0.5547462299145991 1.6789622539308766 0.4165851316705807 0.6769287588065778 1.624946997248732 1.4761597075321928
109 0.0 0.5513308807567228 1.666179150552125 0.4140203847612526 0.6717748309659638 1.622564626505883 1.4747754318148822
110 0.0 0.54788818997622 1.6568909349261958 0.41143510573679193 0.6680299818721455 1.6236581967789239 1.4754111625855775
111 0.0 0.5447250601864653 1.6431066940658638 0.4090597622573798 0.6624724125850282 1.6195003119573554 1.4729912106744125
112 0.0 0.5413737507915357 1.6322666273208597 0.4065431058291414 0.6581018837599184 1.6187751663325465 1.472568377986498
113 0.0 0.537755698809633 1.6177929522473278 0.40382613980036103 0.6522663464332412 1.6152157627926247 1.4704894881297859
114 0.0 0.535123910420225 1.605067483656967 0.40184980566123685 0.6471356559499163 1.610391859926536 1.467663012053458
115 0.0 0.5323657840344822 1.5957354976872011 0.39977859835669033 0.6433731594048486 1.6093236657726695 1.4670357102611395
116 0.0 0.5288999122712994 1.580683671267252 0.3971759116380422 0.6373045213801561 1.6045900637623511 1.4642496891729795
117 0.0 0.5258362743043108 1.569790793426364 0.3948752812650058 0.63291270002777 1.602816712153259 1.4632033514603957
118 0.0 0.5226576300919987 1.5559461216398631 0.3924882872733138 0.6273307660286116 1.5983426419850397 1.4605571507904958
119 0.0 0.5197201821138151 1.5433416643882083 0.39028241891985876 0.6222488652397065 1.5943553567230506 1.4581911689027713
120 0.0 0.5165264742245199 1.531484043051023 0.3878841129020167 0.6174680758709243 1.591888028749718 1.4567234557854216
121 0.0 0.5136276706471108 1.5202251444225112 0.38570726445337006 0.61292868122028 1.5891032855938854 1.4550635649583656
122 0.0 0.5107111331744818 1.5090414090536797 0.38351709878564777 0.6084195911056454 1.5864210305932103 1.4534613844047743
123 0.0 0.5078106998116709 1.4982994454912841 0.3813390264542066 0.6040886157996709 1.5841248177944183 1.452087154437823
124 0.0 0.5051327227702131 1.4847393865002232 0.3793280070758537 0.5986214327938159 1.578110294065659 1.448475998405781
125 0.0 0.5020895637135254 1.4729579111553903 0.3770427552832999 0.5938713441819867 1.5750769265829485 1.4466483471979679
126 0.0 0.49952309174113907 1.4602114345871087 0.37511547032507675 0.5887321836425984 1.5694692173916487 1.4432582523558972
127 0.0 0.4966002894070698 1.4487511724692013 0.37292060007715677 0.5841116026897448 1.5663162683125924 1.4413456558765902
128 0.0 0.49401094795030076 1.438262899964684 0.3709761413435223 0.5798829112633084 1.5631272382186414 1.439406385935028
129 0.0 0.4913797728950158 1.4259679401639005 0.36900026778594447 0.5749257945335932 1.5580633531331345 1.4363170696688292
130 0.0 0.4885081194079248 1.4146039509560069 0.36684380762177854 0.5703440291653841 1.5547326063996623 1.4342784094194787
131 0.0 0.4859433123929193 1.4048344032144087 0.36491777295864947 0.5664051152253367 1.552144502672712 1.4326906271133812
132 0.0 0.4830289711972 1.395467335381909 0.36272925657893723 0.5626284742754489 1.55109758606695 1.4320474364264382
133 0.0 0.4805767557118088 1.3835583645141014 0.3608877722104475 0.5578269816574138 1.545707626059781 1.4287276515759366
134 0.0 0.4784135487716412 1.371792672713127 0.359263318001648 0.5530832566995196 1.5394927035021775 1.4248822631056755
135 0.0 0.475762656351435 1.3628490581286314 0.35727263774396306 0.5494773448299987 1.5379776864518178 1.4239420144027581
136 0.0 0.4733257421903545 1.3508692006344063 0.3554426438622202 0.5446472719410703 1.532307058103561 1.4204127271218083
137 0.0 0.47090463564381935 1.341079655860085 0.3536245206644616 0.540700295540709 1.5290237637501252 1.418362034657729
138 0.0 0.46810684382217005 1.3309293763013557 0.3515235267116265 0.5366078770678435 1.5265205207958998 1.4167949687818377
139 0.0 0.4661322707688669 1.3211388003783213 0.350040726593219 0.5326604849260224 1.521710031030261 1.4137747993310024
140 0.0 0.4637796273746062 1.3108938250097708 0.3482740156084091 0.5285298867282368 1.5175691066269583 1.411165759275143
141 0.0 0.461389992327895 1.301816847477312 0.34647952584552766 0.5248702052074778 1.5148664381441195 1.409458276061827
142 0.0 0.4592150822572876 1.291853506991174 0.34484628320361704 0.5208531573595837 1.5103922609252602 1.4066235136792078
143 0.0 0.45686130571994 1.282788152597277 0.34307872128817146 0.5171981620887638 1.5075203735947804 1.404798604182186
144 0.0 0.45445493032457307 1.2745097330644057 0.34127166040723117 0.513860445444958 1.5057225813352941 1.4036540877288943
145 0.0 0.45200208319874946 1.2637317376374995 0.33942970171012327 0.5095149427097554 1.5010912131221998 1.4006980717002082
146 0.0 0.4502065225242404 1.2539648423717153 0.33808133043750005 0.5055770982024224 1.495430397023614 1.397070098700834
147 0.0 0.4480346285708947 1.243194102000416 0.3364503527404216 0.5012345205810962 1.4897726113184044 1.393427583781682
148 0.0 0.44572456119931303 1.2341165845100477 0.3347156141009064 0.49757462135857744 1.4865593369318413 1.391351478893084
149 0.0 0.44363670694292523 1.2258198428025935 0.3331477457794936 0.49422951752850824 1.4835145180770117 1.3893792563382297
150 0.0 0.44163335888879374 1.2171345145670784 0.331643337154597 0.49072774228101246 1.4796852139147834 1.3868920226027273
151 0.0 0.43914525148284156 1.2086532784624069 0.3297748998486261 0.4873082534771163 1.477699648156368 1.3855993187163098
152 0.0 0.43745298647263553 1.1984385272253348 0.3285040981665548 0.483189841130299 1.470879187891644 1.3811430281165924
153 0.0 0.4352409383864142 1.1908769085239328 0.326842966835564 0.4801411262767491 1.4690269487068692 1.3799285778978783
154 0.0 0.4331414031039458 1.1820342141554647 0.32526632668024685 0.47657590370587916 1.46518672427588 1.377404859189742
155 0.0 0.43146840552799404 1.1741655099413038 0.3240099938241052 0.4734033772451816 1.4610764676048151 1.3746949545647777
156 0.0 0.4294532184721902 1.1652950232828516 0.3224966947339751 0.46982694930008767 1.4568426807835786 1.3718941260316062
157 0.0 0.42739316663937643 1.1575697816424508 0.3209497045648791 0.46671226448637376 1.454160131161701 1.3701145050765042
158 0.0 0.42548059455293696 1.1471547683941026 0.31951346389933816 0.4625131099344164 1.4475543668486217 1.3657155672704224
159 0.0 0.42393485238426365 1.140095562021088 0.3183526931358042 0.4596669591069893 1.4438921643138185 1.3632665719016714
160 0.0 0.421979993727291 1.1325637008822014 0.316884697488249 0.4566302419918111 1.4409980841966794 1.3613260387640245
161 0.0 0.4198722613364225 1.12526969404189 0.31530190173727746 0.45368942364668235 1.4389048120132022 1.3599195916554914
162 0.0 0.4181754343153443 1.1166636260722953 0.3140276742258857 0.45021960477778084 1.433694039506626 1.3564080220984125
163 0.0 0.41646896324527916 1.1091238971166604 0.31274620454284774 0.44717971549395297 1.4298485768919609 1.3538068840831092
164 0.0 0.4145468294736929 1.1005980061090668 0.31130278355655644 0.443742222599769 1.4254360900025533 1.3508120389204776
165 0.0 0.4125851445714943 1.095082821964752 0.30982966175921783 0.44151859502942903 1.425036558870701 1.3505403308794928
166 0.0 0.41088704869616777 1.084926829144024 0.3085544814052728 0.43742387306740277 1.417655225991891 1.3455043725852511
167 0.0 0.40941398033464793 1.0800381328417643 0.3074482848342065 0.4354528346403488 1.4163449793683824 1.3446072335889823
168 0.0 0.40755038424686063 1.0708424718350216 0.30604882255803895 0.4317453019801436 1.4107072798761304 1.3407359187111543
169 0.0 0.4060379383590771 1.0647085414029789 0.30491305554362597 0.4292722065283268 1.4078511848663953 1.3387677672356033
170 0.0 0.40412396780448034 1.0575328324521251 0.30347576470232895 0.4263790838614615 1.404985614846988 1.3367883885432341
171 0.0 0.4026303322170861 1.0480622693476107 0.3023541232304468 0.4225607153945536 1.3975688867073537 1.3316433483196772
172 0.0 0.4013797810912365 1.041759993040614 0.3014150253559051 0.4200197457758721 1.3934930592126946 1.328802339909127
173 0.0 0.3997231912217103 1.0370374570838976 0.30017101382106876 0.4181157003477423 1.3929249697540087 1.3284055912496087
174 0.0 0.3978452648880193 1.029011238696512 0.2987607902867713 0.4148796668763745 1.3886683941294446 1.3254268320246232
175 0.0 0.39624063404335175 1.02134924211623 0.2975557972365051 0.4117904813852014 1.3839101278134387 1.3220843968355194
176 0.0 0.3946157706377562 1.013189994151162 0.2963356106011296 0.4085008126717701 1.3785073344479541 1.3182730016981887
177 0.0 0.3930703829973936 1.0071570002523913 0.2951751060696402 0.4060684130974372 1.3756865153853255 1.3162761693955154
178 0.0 0.3913600775267696 1.0009679559225333 0.29389075695421407 0.40357309666813634 1.3732078574046815 1.314517631685931
179 0.0 0.3900165389641188 0.9932918632157453 0.29288183042376686 0.4004782278607378 1.3673713636700888 1.3103622602755152
180 0.0 0.3886544298438821 0.9880982579911688 0.29185895838497744 0.39838425539043787 1.3649889576627212 1.3086601791354102
181 0.0 0.38700053427601233 0.9819403808137395 0.29061697012844345 0.39590150502196403 1.3622793770335853 1.3067201792943854
182 0.0 0.38518579056835733 0.9739329789194926 0.28925419341066716 0.3926730580376156 1.357536267348491 1.3033134822147276
183 0.0 0.3838906614109874 0.9680339705669212 0.2882816197878839 0.3902946791354415 1.3538659850136068 1.3006679116539095
184 0.0 0.38229975644208025 0.9627281958341882 0.2870869341456767 0.3881554818450157 1.3520485806855065 1.2993548548073797
185 0.0 0.38117812130076345 0.9572884364310994 0.28624464536959304 0.385962264235556 1.34836501041691 1.2966872772091456
186 0.0 0.379648553498555 0.9495121713525805 0.28509602070137274 0.3828270076474889 1.3428002492131788 1.2926414655524363
187 0.0 0.3781382007582579 0.9440297783798997 0.28396182553021754 0.3806166009146407 1.3403794689794941 1.2908754528836421
188 0.0 0.3768264185200678 0.9383584545375925 0.28297674632291286 0.3783300204984492 1.3369650524807646 1.288378341065105
189 0.0 0.3754818966408493 0.9329928017582461 0.2819670813736361 0.3761666814075279 1.3340801329537735 1.2862627792739882
190 0.0 0.37406717336853035 0.9258325903574587 0.2809046988843181 0.37327980708680997 1.328848568818472 1.2824130114954717
191 0.0 0.3724215381516842 0.9204591910724957 0.27966891371531005 0.3711133447378048 1.3269738842536531 1.281029268498667
192 0.0 0.3712540312553756 0.914161889879324 0.278792177672958 0.36857438099961204 1.322039893931223 1.2773767106869194
193 0.0 0.37013192678568885 0.907700584975828 0.277949536456046 0.3659692937807933 1.3166753161276326 1.2733877414094967
194 0.0 0.3682595561404014 0.9014147452576253 0.27654348495043546 0.36343495111255414 1.3142054356395059 1.271544981098602
195 0.0 0.36734148586401716 0.8964634928702253 0.2758540626410143 0.36143869114584326 1.3102532827881728 1.2685881111821105
196 0.0 0.36606879472674336 0.8904236377957204 0.2748983387867417 0.35900352526323703 1.3059501445068453 1.265357119914903
197 0.0 0.36450507916742936 0.8851175619015521 0.2737240709557148 0.3568642065496903 1.3037370272321667 1.2636907109116466
198 0.0 0.3634498507453827 0.8792925249986183 0.27293165011995985 0.35451565166617605 1.298917335202268 1.2600505295471776
199 0.0 0.3620096719096182 0.8735335564476827 0.27185015184638256 0.3521937344080222 1.2955436368747746 1.2574933729224482
200 0.0 0.36061869050899986 0.8697332152667059 0.2708055982492953 0.3506615020825741 1.2948827659011906 1.2569915729750938
201 0.0 0.35942133705248125 0.8628523427255459 0.2699064490159299 0.3478872523947753 1.2889178960456886 1.2524493312274942
202 0.0 0.3582275808585109 0.8576060123932621 0.2690100011368262 0.34577202206615565 1.285350063584759 1.2497210979898317
203 0.0 0.35698597262671683 0.8549400036301904 0.2680776189035935 0.3446971330990402 1.2858109323292697 1.250073991936004
204 0.0 0.355650447687367 0.8486282890806933 0.2670747101811781 0.34215235814300454 1.2811110341031364 1.2464685233646775
205 0.0 0.354358680669975 0.845300838621597 0.26610466134801924 0.34081078723871955 1.2807396364733254 1.2461829767710173
206 0.0 0.3534035936172586 0.8389850492125106 0.26538744139381787 0.3382643693692487 1.2746057899073158 1.241453522298917
207 0.0 0.3520453549863305 0.8338608217773071 0.2643674758881625 0.3361983688326472 1.271708509918489 1.2392107162800021
208 0.0 0.350618722368381 0.8284802269991474 0.26329615010901203 0.3340290053843068 1.2686437125875536 1.2368319988696204
209 0.0 0.34952742588939145 0.8244128134639368 0.26247664406665194 0.33238909407034073 1.2663568419669964 1.235052871670308
210 0.0 0.3484097801774624 0.820049260184021 0.2616373511414225 0.33062978429500534 1.263694892386716 1.2329774151751436
211 0.0 0.34725203725975007 0.8143625210041137 0.26076794733152164 0.3283369886793215 1.2591155931518585 1.2293956041358178
212 0.0 0.3461962663495797 0.8104658244476752 0.2599751191158256 0.32676590752057594 1.2569122331087126 1.227667012779524
213 0.0 0.3449580870947102 0.8063331594304515 0.2590453118632356 0.3250996879292046 1.254991590432035 1.2261574646344302
214 0.0 0.34376344976044493 0.8012416652056231 0.25814820229428886 0.3230468848611102 1.251400869694366 1.2233283935157175
215 0.0 0.3426052488357527 0.7965197931627017 0.25727845454532594 0.3211431071116255 1.2482316394474775 1.2208239000750676
216 0.0 0.34140498984925216 0.792167352292438 0.25637712341233726 0.31938827766910016 1.2457752603590164 1.2188778767824935
217 0.0 0.34047937882860424 0.788552262568885 0.25568203840207643 0.31793073555115814 1.2434613613772574 1.2170408330347144
218 0.0 0.3393421747678076 0.782475371650321 0.2548280581894011 0.31548063745200466 1.2380137402982663 1.2127008748986015
219 0.0 0.33808583068457665 0.7793826679470044 0.2538846101096965 0.31423371240985964 1.2377028772011347 1.2124525821752064
220 0.0 0.3372378948624828 0.7747760196214983 0.2532478550728041 0.3123763908852439 1.233480894815245 1.2090735545195326
221 0.0 0.33628681232221425 0.7731802829364369 0.25253364229603886 0.31173301724711017 1.2344217364974817 1.2098276548857283
222 0.0 0.33493050313700223 0.7659321058537785 0.25151512570225404 0.3088106766735285 1.2278016115782295 1.2045079870616031
223 0.0 0.33419136273732875 0.7627314910030236 0.2509600702839082 0.30752024370919784 1.2253751896120517 1.2025502851510996
224 0.0 0.3328531328224926 0.757431281607154 0.24995513026770777 0.3053832902670577 1.2217524398878514 1.1996193958486616
225 0.0 0.33193662273697555 0.7544545095162789 0.24926687957925997 0.304183106860904 1.2203109670018644 1.198450550644584
226 0.0 0.3307636816680315 0.7498522371380432 0.2483860627601477 0.30232754964310776 1.2171679291645614 1.195896689924061
227 0.0 0.3299638045427855 0.7461359260616405 0.2477853972674013 0.3008291968133175 1.2140715317806772 1.1933736364953929
228 0.0 0.32874276988150086 0.7406904327474422 0.24686846469947032 0.2986336673893299 1.2096873845465717 1.1897891855771259
229 0.0 0.3277448810331407 0.737345580247279 0.2461191028563971 0.2972850802808196 1.2078911260060796 1.1883164650261901
230 0.0 0.32683378121146234 0.7350913587483774 0.2454349149904654 0.2963762168696536 1.207555236715881 1.1880408093657988
231 0.0 0.32602100557414815 0.729836941534586 0.24482456339611336 0.2942577260492339 1.201912593930129 1.183397464991779
232 0.0 0.3248518113978207 0.7271529616593853 0.2439465602955446 0.2931755914382099 1.2018025221713464 1.1833066500190355
233 0.0 0.3237338437247672 0.7227303307766988 0.24310702559450817 0.2913924625875956 1.1986180237901698 1.180675334815799
234 0.0 0.3231561072607292 0.7174217746016893 0.2426731760107458 0.28925214386739156 1.1919411474409647 1.1751334862845666
235 0.0 0.32194792228983715 0.7145240407410256 0.24176589288191958 0.28808382731884596 1.1915817565695606 1.174834231937977
236 0.0 0.3210613698756788 0.7106749468913449 0.24110013882309184 0.2865319387542912 1.1884353951556004 1.1722101512091494
237 0.0 0.3199023796187248 0.7088470127890787 0.24022979832727193 0.28579494710356756 1.1896731758240122 1.1732433661042907
238 0.0 0.31926328986446606 0.704342344390966 0.2397498756616088 0.28397874213503393 1.1844792050522324 1.168899941574698
239 0.0 0.31809008761047153 0.700014529763962 0.2388688627063125 0.2822338415710434 1.1815430373528752 1.1664354397272518
240 0.0 0.3171235789632192 0.6964688973481543 0.2381430657376006 0.2808043034472424 1.1791412131926122 1.164414506144057
241 0.0 0.3159955762093887 0.6956654948385221 0.23729599522068767 0.28048038534700276 1.1819853305410957 1.1668071072649844
242 0.0 0.31551823548215907 0.6900599951829918 0.23693753753502608 0.2782203441129458 1.1742349777388776 1.1602724448118993
243 0.0 0.3144193772095605 0.6880452212430441 0.23611235298487915 0.2774080218470632 1.174898383503165 1.1608336139562085
244 0.0 0.31337820307089714 0.6835845037513764 0.23533048617397023 0.275609537129523 1.1711595110791388 1.1576664544504764
245 0.0 0.31253797572571784 0.6811569473871941 0.2346995197962832 0.27463078807623637 1.1701378354528083 1.1567991052672544
246 0.0 0.3115755267426721 0.6769081695043724 0.23397677142106657 0.2729177537707124 1.1664309756611153 1.1536453065257033
247 0.0 0.31082649407471763 0.6739525559700041 0.2334142874314892 0.2717261011313231 1.1641365407465858 1.151687786473918
248 0.0 0.3100209742624429 0.6711433981770369 0.23280938457868136 0.27059349693272783 1.1622963456667563 1.1501148036364195
249 0.0 0.30901348727638833 0.6673709408861441 0.23205281504091893 0.26907250691309154 1.1595313199094126 1.1477462433062602
250 0.0 0.308118508059124 0.6651552695809642 0.23138073289783903 0.26817918627826054 1.1590385375634065 1.1473234820003633
251 0.0 0.3072548518903204 0.6604367148576102 0.2307321727104998 0.26627674601507856 1.154051222623282 1.1430339455304808
252 0.0 0.30641908080724534 0.657715089089379 0.23010455275039138 0.2651794332262345 1.1524301890449382 1.1416354312634627
253 0.0 0.305759513292287 0.6546979714832446 0.22960925236753552 0.2639629832009214 1.1496182339307297 1.13920447042091
254 0.0 0.3046472721034661 0.6525120655061301 0.2287740179538366 0.2630816634353985 1.1499630324650099 1.1395028939572713
255 0.0 0.3036586593007087 0.6490797674790088 0.2280316219312961 0.26169781979155615 1.1476382861952512 1.1374889683651588
256 0.0 0.3032047916203737 0.646712274552101 0.2276907912646281 0.260743287285097 1.145163956069064 1.1353406630373108
257 0.0 0.30209471582929837 0.6429871187739309 0.22685718295031718 0.259241368423387 1.1427514220705197 1.1332412342375957
258 0.0 0.30118488080915995 0.6402973481493177 0.22617394488356868 0.25815689908160705 1.1414086587847365 1.1320706892676775
259 0.0 0.30042974028765457 0.6374822574471182 0.22560687421842954 0.25702190283585685 1.139246770410957 1.1301829899541764
260 0.0 0.2996053576716804 0.6340286723293502 0.22498780639587684 0.2556294766024915 1.1361925817112914 1.127509647657505
261 0.0 0.2986189044167986 0.6337488469783352 0.2242470320797809 0.2555166558245963 1.1394427540681589 1.130354274544629
262 0.0 0.29797383867844474 0.6295512495121329 0.22376262176555542 0.2538242565844625 1.1343460966881402 1.125889701671725
263 0.0 0.29711190009402344 0.6281670613896608 0.22311535139341 0.2532661756952072 1.1351355884456087 1.126582676226186
264 0.0 0.29612496750633 0.6257790302593094 0.2223742171236781 0.2523033625376894 1.1345890985076097 1.1261030505606042
265 0.0 0.2954801935120486 0.6214400059340051 0.22189002589384885 0.250553942415776 1.1291807344943023 1.1213431367299909
266 0.0 0.29474835032306146 0.6199139697919236 0.2213404502954832 0.2499386708400544 1.1292046731918788 1.1213642585127233
267 0.0 0.29380231949471636 0.6167305450203457 0.2206300310876749 0.24865516862055362 1.1270232225174368 1.1194375511961723
268 0.0 0.29296540781797376 0.6138670462790969 0.2200015546019381 0.24750065508445743 1.124995028022757 1.117642654570407
269 0.0 0.29221803150721826 0.611768718032522 0.21944031444917222 0.24665464515648128 1.1240170056063812 1.11677590648195
270 0.0 0.2915965981082991 0.6077160265617749 0.21897365077422828 0.24502066952617996 1.1189504703413258 1.11227300685529
271 0.0 0.2905643248668639 0.606670021060836 0.2181984680672282 0.2445989380645002 1.1209929209454297 1.1140908295832475
272 0.0 0.2898954912816407 0.6049494400542699 0.21769620935479173 0.2439052293390812 1.1203926336704153 1.113556925032337
273 0.0 0.28917613813246135 0.6026385689777385 0.21715601311692875 0.2429735257906923 1.1188892368357397 1.1122184536774409
274 0.0 0.2882376626585028 0.5985969384415171 0.21645126758139113 0.24134400973931372 1.11500391028462 1.1087505415241938
275 0.0 0.2876214030547999 0.5969324116746861 0.21598848915351185 0.24067290112109843 1.114285775433349 1.1081081628238498
276 0.0 0.2869598011675407 0.5948606591617818 0.2154916610644597 0.23983760607272475 1.1129785945683648 1.1069377558852591
277 0.0 0.28608081733545987 0.5920834629853289 0.21483159061120022 0.23871788824923756 1.1111861508360124 1.105330504173669
278 0.0 0.28515916189644486 0.5886287602107245 0.21413947603391667 0.2373250113958221 1.1082730554465032 1.1027125543978198
279 0.0 0.2847386459761765 0.5871716803741265 0.21382369077830252 0.23673754181873 1.1071623586564368 1.10171248382091
280 0.0 0.28409735474997433 0.584226651874701 0.21334211492343327 0.2355501568837211 1.104095911715594 1.0989459759281777
281 0.0 0.2832584259522264 0.582968307202691 0.21271212368631234 0.23504281391339504 1.1049808061716966 1.0997451433893346
282 0.0 0.28261160878901137 0.5804767836880842 0.21222639814448 0.23403827440315206 1.1027764521726602 1.0977530940737594
283 0.0 0.28204875019582687 0.5774147300433583 0.21180372105627376 0.2328037069384753 1.09914833307684 1.0944652948193638
284 0.0 0.2810577736090636 0.5764291145038669 0.21105954995673734 0.23240632367256425 1.1011409989275658 1.0962724528998185
285 0.0 0.2807095733442111 0.5743786179400558 0.21079806994054393 0.23157959865797384 1.098585004707545 1.093953787419999
286 0.0 0.2797152861749055 0.5714015574383211 0.21005141276829542 0.23037929896951262 1.0967757651963075 1.0923091222272372
287 0.0 0.27905998548521893 0.5674392277362585 0.209559316545958 0.22878175565314568 1.09172791467361 1.0877053980397093
288 0.0 0.2782915640200372 0.5673676942460588 0.2089822725932654 0.2287529145778799 1.0946043974892234 1.0903315180686382
289 0.0 0.2775640834370279 0.5661763119055649 0.20843597308167183 0.2282725696701094 1.095168776747884 1.0908459287901422
290 0.0 0.2769802995608188 0.5606231752445865 0.2079975822106331 0.22603364029656423 1.0867128256696106 1.0831094960484418
291 0.0 0.27621178277331637 0.5613493368998661 0.20742046667591005 0.2263264162102874 1.0911479461856457 1.087175033552173
292 0.0 0.2759019007644383 0.5581679434241096 0.2071877616469986 0.22504373297439145 1.0861825582044533 1.0826222593660542
293 0.0 0.2750261232649791 0.5560041741899511 0.20653009898026445 0.22417133836361716 1.0854172804373587 1.0819186464393782
294 0.0 0.27426067629858153 0.5540967144866187 0.20595528871912455 0.22340228335572326 1.0847125351580187 1.0812702314869493
295 0.0 0.2736838695491315 0.5526834323854075 0.2055221373019349 0.2228324722736834 1.0842261334910006 1.0808224521683019
296 0.0 0.27310105968354037 0.5496827100758992 0.20508447786144882 0.22162263255051934 1.0806406943203346 1.0775152524320657
297 0.0 0.2722557773304288 0.5476058515572504 0.20444971543967624 0.22078527884828197 1.079900152335627 1.0768307577129632
298 0.0 0.27178072271635756 0.5459906039822044 0.20409297450430466 0.220134038754241 1.0785968467993394 1.0756249071775168
299 0.0 0.27076275127910776 0.5450770612341955 0.2033285316972055 0.219765714000615 1.0808405105088132 1.077699862243691
300 0.0 0.2704716185835423 0.5419955870299873 0.2031099064127499 0.21852331649973883 1.0758870424353728 1.0731128822369296
301 0.0 0.26946017154841684 0.5400287381371527 0.20235036308720006 0.21773031679014473 1.0760065535257621 1.0732238088523154
302 0.0 0.2692478583776392 0.5384063865686244 0.20219092710470152 0.2170762124878827 1.0736199472267767 1.0710062104921731
303 0.0 0.26827460398635594 0.5362214432349788 0.20146006443835385 0.21619528084368128 1.0731421209777106 1.070561608138294
304 0.0 0.26777958038292127 0.5348859561804034 0.20108832784620317 0.21565683538897293 1.0724483002012533 1.0699156646698669
305 0.0 0.2673983702843543 0.5330533646026652 0.20080205918759486 0.21491796592409168 1.0702976194248552 1.067910641219193
306 0.0 0.2667172907968052 0.5305798496090688 0.20029060444901564 0.21392068714037604 1.0680515330654463 1.0658122217724182
307 0.0 0.2662261157820467 0.5281141457816148 0.19992175794378034 0.21292655768475827 1.0650494467172251 1.0630003768874718
308 0.0 0.26535056492866715 0.5271019522425604 0.1992642654762866 0.21251845862567584 1.0665156550659434 1.0643746926406137
309 0.0 0.26509133668150753 0.5259206827069249 0.19906959874823626 0.21204219102722233 1.0651661145677624 1.0631098042022655
310 0.0 0.26422645925777033 0.5235923134450786 0.19842012146291618 0.21110343251089783 1.0639214962397456 1.0619417902824346
311 0.0 0.26373403155594133 0.5208414397102388 0.19805033425582466 0.20999432744400368 1.0603078668514176 1.0585425778561732
312 0.0 0.26298946452880045 0.5201296151259385 0.19749120372674148 0.20970733199118138 1.0618565689707515 1.0600008457442114
313 0.0 0.26239875178725924 0.5181591239022509 0.19704760964363735 0.20891286375631363 1.060215163909548 1.0584552186241376
314 0.0 0.26175836518086726 0.5166396636762158 0.1965667131104875 0.20830024347705614 1.0596923567622223 1.0579624006140966
315 0.0 0.2610839718981879 0.5145592381226152 0.1960602793587773 0.20746145160755985 1.0581513618468286 1.0565083432878795
316 0.0 0.2605099552019965 0.5137024372255041 0.1956292231242882 0.20711600419415446 1.0587171021098847 1.0570424193296963
317 0.0 0.2600776705367025 0.5119216703231757 0.19530460016247306 0.2063980295487479 1.056800655883406 1.0552320476181585
318 0.0 0.2595092559058685 0.5106885758394935 0.1948777507833147 0.20590086702089716 1.056564262432601 1.055008504685085
319 0.0 0.25888551370735513 0.5100689449892855 0.19440935332176518 0.20565104249901314 1.0578248370521657 1.0561999602794179
320 0.0 0.2583653955589398 0.5072521768772447 0.19401877205116289 0.20451536995041025 1.0541009397610217 1.0526760284402732
321 0.0 0.2576248957484495 0.5056765701289123 0.19346269578706168 0.20388011235720424 1.053847159152629 1.0524354102131388
322 0.0 0.25719995486724656 0.503898726832162 0.19314358761939485 0.20316331645937857 1.051877098087918 1.050565502325905
323 0.0 0.2564369804022135 0.5021681346468085 0.19257063407624772 0.20246557139852986 1.0513834176729369 1.0500963566637636
324 0.0 0.2559573530088528 0.5030660723401184 0.1922104592250428 0.20282760446198603 1.0552370837661469 1.0537525176072893
325 0.0 0.2555979508179007 0.4987520052152661 0.19194056715373745 0.201088246654866 1.0476589166989467 1.0465496634329883
326 0.0 0.2549333781207679 0.4978847093233867 0.19144150814330962 0.20073856783973276 1.0485634478467623 1.0474121979456454
327 0.0 0.25427647166361567 0.49554753746900815 0.19094820607437957 0.19979626026920935 1.0463374565110248 1.0452881868174662
328 0.0 0.2537687118674512 0.49562592374439873 0.19056690527387704 0.19982786426982543 1.0485968903290885 1.0474440731199994
329 0.0 0.25306428167095874 0.49304340776734534 0.19003791538564702 0.19878663816075004 1.0460367225000817 1.045000876077951
330 0.0 0.2526134044310311 0.4938631277456125 0.18969933038184908 0.1991171351842288 1.0496459570174679 1.048443446388868
331 0.0 0.25214288708230015 0.49240119939283034 0.18934599669320995 0.1985277107686435 1.0484917253904784 1.0473438333086114
332 0.0 0.2517818808046286 0.4883239419869767 0.1890749000374637 0.19688383057501943 1.04130072545858 1.0404651063348853
333 0.0 0.25100696277513634 0.4877089875816978 0.18849297750795024 0.19663589151545244 1.0432000922005635 1.0422866975833347
334 0.0 0.25012153776333435 0.48324053319143445 0.1878280700687726 0.19483428741321435 1.0373012262857007 1.0366182730412492
335 0.0 0.2497674461119459 0.4851843776133933 0.18756216593231761 0.19561801211505858 1.0429502727412945 1.0420473012137124
336 0.0 0.24908564690122148 0.4832993261221077 0.18705017071963045 0.1948579917135904 1.0417418544122212 1.0408884740468212
337 0.0 0.24868424053420313 0.48131490543934774 0.18674873572964684 0.1940579073599453 1.0391390688763742 1.0383878367824526
338 0.0 0.24810293759219348 0.48061479209613545 0.18631220790921468 0.19377563367848818 1.0400587049717658 1.0392721100369708
339 0.0 0.24767419146519387 0.47763553292571714 0.18599024220284677 0.1925744475245573 1.0354008105141859 1.034785100144716
340 0.0 0.24746359499840764 0.4761029266748338 0.18583209537441495 0.1919565269937528 1.0329568022520454 1.0324225307842616
341 0.0 0.24672639548953157 0.4745139420254141 0.18527849746259156 0.19131587566048067 1.0325854229204772 1.0320630292365842
342 0.0 0.2460590095288353 0.47517727995054315 0.18477732583974962 0.19158332212467344 1.0368335035372598 1.036167417192709
343 0.0 0.24566257566038985 0.47166499663001105 0.18447962493367864 0.19016722978359887 1.0308305312956103 1.0303624855156588
344 0.0 0.24514909581193933 0.4707717048021607 0.18409402867589086 0.1898070698533425 1.031033278040266 1.030559103463051
345 0.0 0.24459787955856882 0.47112682500264214 0.18368009437024507 0.1899502482219903 1.034136273030797 1.0335634081977556
346 0.0 0.24417817574430956 0.468235874207096 0.18336491896336984 0.1887846664888583 1.0295571669658967 1.0291267153711994
347 0.0 0.24353579235321376 0.46790817060506384 0.18288252295032467 0.18865254202205706 1.0315504126837733 1.0310604280226487
348 0.0 0.24311041970941005 0.46509492942236363 0.18256309055173892 0.1875182914708191 1.0271424026844893 1.0267789797584477
349 0.0 0.24268202301755082 0.46266812755465025 0.18224138725271352 0.18653984661755657 1.023586625571953 1.0233117033626238
350 0.0 0.24221536437107716 0.4644166045456046 0.18189095124575522 0.18724480252500328 1.0294344014508694 1.0290074923632184
351 0.0 0.24186051737342495 0.46148951405683647 0.18162447988413352 0.1860646498879578 1.0244469798710882 1.0241517610628113
352 0.0 0.24119827910180902 0.46272075840562366 0.18112717390402638 0.18656106647317927 1.0300004270592338 1.0295570647762808
353 0.0 0.2406642839559936 0.4584586213708235 0.1807261717409919 0.1848426459869081 1.0227774107438947 1.0225209265467503
354 0.0 0.24013557693251641 0.457577293154678 0.18032914067865496 0.18448730957951728 1.02305877400188 1.0227959506646134
355 0.0 0.23974240576353623 0.4577033260325081 0.1800338898876331 0.18453812387230953 1.0250188116664463 1.0247097079022762
356 0.0 0.2393758548569167 0.45611839455862935 0.17975862950826726 0.1838991067098365 1.0230335378774058 1.0227712862353957
357 0.0 0.23880079881928395 0.45348728937490534 0.1793267927832262 0.18283829026674023 1.0195815551542196 1.0193916953779312
358 0.0 0.23839681316894712 0.45258633617396526 0.17902342088763978 0.1824750414023734 1.0192802734838808 1.0190961836621288
359 0.0 0.23779710995586356 0.4521151738970275 0.17857307543504583 0.18228507686053974 1.0207870162758332 1.0205731886719485
360 0.0 0.23750021194427973 0.449720831517439 0.17835012070263165 0.181319719115672 1.0166503863375098 1.0165129131457924
361 0.0 0.23687396963941865 0.45007111496762775 0.17787984579320432 0.18146094738963203 1.0201321379634596 1.019931506048664
362 0.001 0.23640444001648575 0.4471114589813965 0.17752725383449403 0.18026766490304644 1.0154365654250883 1.015318334191116
363 0.001 0.23595050122094108 0.4465670183017778 0.17718636976405794 0.18004815576718874 1.0161512762349698 1.016021889255385
364 0.001 0.23557979114411864 0.4460876982604347 0.17690798606744687 0.17985490215478747 1.0166579030876373 1.016520306257331
365 0.001 0.23511385476012947 0.4411631783232224 0.17655809244148365 0.17786942025308855 1.0074271747812382 1.007399695365833
366 0.001 0.23473427944554714 0.44247298885603925 0.17627305141934183 0.17839751337500098 1.0120521085812784 1.0119799169513322
367 0.001 0.23431788569723722 0.4612887421697849 0.17596036169724455 0.1859837021096579 1.0569636270108345 1.0553861295968694
368 0.001 0.2332452956979978 0.4963250502456731 0.17515490323359625 0.20010974007355387 1.1424729561048967 1.1329986039720366
369 0.001 0.23303155213216087 0.512636439302355 0.17499439309992373 0.20668621213104033 1.181101911151063 1.1660646026901949
370 0.001 0.2327757327366271 0.5162894199997936 0.17480228623947924 0.20815903123919596 1.1908255647984944 1.1742042523737357
371 0.001 0.23233321534644347 0.5192717351399097 0.1744699790414933 0.20936144950764857 1.1999855256350849 1.1818062194544243
372 0.001 0.23154967483424116 0.5214021204822075 0.17388158148267568 0.21022038430631065 1.2089859231425009 1.189214354834093
373 0.001 0.23139720182371093 0.5266804536272502 0.17376708230135143 0.21234851761965703 1.2220295973629611 1.1998439603382955
374 0.001 0.23094830759509932 0.5273027315329273 0.17342998643436172 0.21259940938886537 1.2258515021525886 1.2029349234970714
375 0.001 0.23065329517703503 0.5284366738244444 0.17320844768313365 0.21305659545493552 1.2300589163220248 1.2063254155647642
376 0.001 0.2303446856312803 0.5298590927857276 0.17297669820685 0.21363009036210814 1.2350223618365277 1.2103087341313299
377 0.001 0.23016772037226474 0.5312081057813884 0.17284380663994478 0.2141739892440685 1.2391186783465122 1.2135828535208242
378 0.001 0.22999569019157207 0.533827050900527 0.17271462105632 0.21522990295787017 1.246159136044924 1.2191822761751114
379 0.001 0.229578911777935 0.5287923690850675 0.17240164247086986 0.21320000567796069 1.2366471839964308 1.21160886320353
380 0.001 0.22922616150754038 0.5311046022934534 0.17213674564072504 0.21413225841453018 1.2439659970187655 1.217441794878254
381 0.001 0.22881694732495816 0.5303109855954062 0.17182944739345488 0.21381228578553305 1.244328542219809 1.2177297464462575
382 0.001 0.22842318944458384 0.5304838306660713 0.17153375601315055 0.2138819739508728 1.246879791604841 1.2197534487846422
383 0.001 0.2280845203640638 0.530719509606115 0.17127943341320623 0.21397699565370568 1.2492859848356277 1.2216578830048994
384 0.001 0.22764264017314417 0.5278920666171416 0.1709476047182276 0.2128370191779743 1.245042418282449 1.2182964707365456
385 0.001 0.22697430983680533 0.5293564760602294 0.17044572391913498 0.21342744392657909 1.2521724747277088 1.2239370896833262
386 0.001 0.22657703272125218 0.5289489968145062 0.1701473897790041 0.21326315528971365 1.253402450467859 1.224906518953369
387 0.001 0.22644194477470592 0.525407965743625 0.1700459458629134 0.2118354723491978 1.2457543240694138 1.2188612720772547
388 0.001 0.22580856979766395 0.5239879071491487 0.16957031469323697 0.21126292910140237 1.2458721297037745 1.2189547004496684
389 0.001 0.22577335203823168 0.521570411785433 0.16954386801517213 0.21028823647079123 1.2403175587097788 1.2145388342607821
390 0.001 0.22528522851644084 0.5215429249542467 0.1691773130200565 0.2102771542523108 1.2429394373191267 1.216625944755334
391 0.001 0.22468320444750134 0.5214964611661799 0.16872522472724086 0.21025842085058488 1.246158783848035 1.2191819969435331
392 0.001 0.22433268765598768 0.5188422077685573 0.16846200512182244 0.20918827144501953 1.241753422641183 1.2156824387548875
393 0.001 0.22387915747094667 0.5168816817233619 0.16812142789630263 0.20839782099905216 1.2395672794760701 1.2139406854810946
394 0.001 0.22374205678352155 0.5160989971757317 0.16801847251807156 0.2080822560254359 1.2384486830937902 1.2130481568728455
395 0.001 0.22277226159349084 0.5126823813561714 0.1672902075292412 0.20670473517847282 1.2356057071800943 1.2107757252751679
396 0.001 0.22270961270987755 0.5124807312447501 0.16724316152510146 0.20662343331518315 1.2354671571080718 1.2106648325021117
397 0.001 0.22189836646430194 0.5075243007611334 0.16663395842320314 0.20462508562896775 1.2279915064447902 1.2046610193847611
398 0.001 0.2215626716715633 0.5067495555806545 0.16638186935635957 0.2043127216718954 1.2279746733359203 1.2046474549861705
399 0.001 0.22110542596055893 0.5053638197614418 0.1660385019669969 0.2037540167778829 1.2271492115628857 1.2039820326214115
400 0.001 0.22086883850715822 0.5017024137969202 0.16586083727977277 0.20227780074667204 1.2195633644696453 1.1978437452918664
401 0.001 0.22016679277294315 0.5019312527979309 0.16533363799682899 0.20237006470350496 1.224010232614529 1.2014471240549862
402 0.001 0.21977161335234996 0.49992455785036327 0.16503687911486836 0.2015609997486615 1.221308842179279 1.1992598579512768
403 0.001 0.21928476781613426 0.4982838501939568 0.16467128381945037 0.20089949458687759 1.2200032083745016 1.1982008021831545
404 0.001 0.21914579533040524 0.49515575543591694 0.16456692281951182 0.19963830047901024 1.2131131642897814 1.192591294226179
405 0.001 0.2186220782532473 0.49335251063735086 0.16417363894342393 0.19891126313170845 1.2115907548364417 1.19134711462663
406 0.001 0.21831988188932883 0.49143305008647076 0.163946705428125 0.19813736958809638 1.2085474305243709 1.1888548352116266
407 0.001 0.2177926844378817 0.4909144698963246 0.16355080797468705 0.19792828695765877 1.21019449190549 1.190204520620512
408 0.001 0.21757859456556616 0.4864610703615426 0.16339003778313183 0.19613275271471095 1.2003960301119376 1.1821454205239075
409 0.001 0.21703943325701403 0.4859217426574105 0.1629851561046219 0.1959153050427973 1.2020438531042497 1.1835057488245984
410 0.001 0.2166221495353966 0.48339326904022073 0.1626717980595555 0.1948958678854984 1.198092540995615 1.1802404014399592
411 0.001 0.2161715819092933 0.48135001055152316 0.16233344555939408 0.194072061138541 1.1955149505376235 1.1781039573333327
412 0.001 0.2159241582849063 0.4775591907009584 0.16214764347983862 0.1925436676500667 1.187458932599335 1.171394241789563
413 0.001 0.2154276484507136 0.47708181114853687 0.16177479080685203 0.1923511964094871 1.1890059968560935 1.1726865957677126
414 0.001 0.2146544576899032 0.47484808924241406 0.16119416536493011 0.19145059808222237 1.1877017859101426 1.1715972324190007
415 0.001 0.2141826139850309 0.47385580362652036 0.16083983565285181 0.1910505255560081 1.1878308926425505 1.1717051288325862
416 0.001 0.21388315747026354 0.46992139428607516 0.16061495961961914 0.18946423925014916 1.1796176377272274 1.1648157315468615
417 0.001 0.21300224897277076 0.46895979889018236 0.15995344384424512 0.18907654049379427 1.182072332733941 1.1668801991598698
418 0.001 0.21280501053115586 0.4671540089859718 0.15980532818750007 0.18834847700358728 1.1786119971081155 1.1639686161144844
419 0.001 0.21269833357655443 0.466092904410516 0.15972521942644424 0.1879206578542612 1.1765246498271449 1.1622078112840708
420 0.001 0.212399004100007 0.4630082522742214 0.15950043879220796 0.18667697906572192 1.1703853636974546 1.1570093187572803
421 0.001 0.21226355579710798 0.4647197032109034 0.1593987242675208 0.18736700670369535 1.175461143523552 1.1613093794351674
422 0.001 0.21158919414301636 0.46468491716950666 0.15889231426721023 0.1873529815689603 1.1791192194097417 1.1643959796364514
423 0.001 0.21142984419566346 0.4637909613759348 0.1587726508693897 0.186992553939123 1.177737808843084 1.1632315957608383
424 0.001 0.21116125005937647 0.4630085855037578 0.1585709508530628 0.1866771134181506 1.1772466042101994 1.162817205793274
425 0.001 0.21063820418930845 0.46249724151823557 0.15817817101806403 0.18647094830119673 1.178866509209426 1.1641830818486676
426 0.001 0.2103465840118588 0.46088478977134173 0.15795917966044928 0.18582083543707198 1.1763851637905085 1.162090025906358
427 0.001 0.20995650310942437 0.45950775015046474 0.1576662494964573 0.18526563670094476 1.1750494306335841 1.160961335561549
428 0.001 0.2097176489623962 0.45900827341847616 0.15748688264198563 0.18506425625689596 1.1751090195721372 1.161011717570444
429 0.001 0.20936274850100745 0.4576130673276566 0.1572203711319203 0.18450173311194337 1.1735230732735762 1.1596698699979573
430 0.001 0.20875452734617284 0.45588916177189276 0.15676362915476327 0.18380668398535888 1.1725084764648923 1.1588104058821427
431 0.001 0.20897950381913688 0.45420745943761176 0.15693257460866375 0.18312865047319285 1.1669256744806051 1.154066820515767
432 0.001 0.20821912390965736 0.4532802508149416 0.15636156943976165 0.1827548158734993 1.168796249157026 1.155658927594175
433 0.001 0.2080516345668002 0.451892961022736 0.1562357937856246 0.18219548444425238 1.1661571271833377 1.153411887898818
434 0.001 0.20754697566007962 0.45051345868176895 0.15585682158938763 0.18163929278166122 1.165424079160287 1.1527867735029855
435 0.001 0.20772478345315903 0.4492572865173088 0.1559903458548945 0.18113282572908482 1.1611797174780187 1.1491590136391867
436 0.001 0.20714016181591433 0.44756247913875313 0.15555132586954631 0.18044950848803556 1.1600640976816243 1.1482030999482096
437 0.001 0.2069712332013296 0.4468179599674613 0.15542446939832605 0.18014933113899134 1.1590795956156668 1.1473587133505423
438 0.001 0.20665202584496 0.44462722522675335 0.15518476152576618 0.17926606449888083 1.1551782709613294 1.1440050440858531
439 0.001 0.20632644151191926 0.44316310974056705 0.15494026488038917 0.1786757582686525 1.1531912534587874 1.1422922865887626
440 0.001 0.20568859315972077 0.442686188566654 0.1544612744421353 0.17848347183841878 1.1555224601314729 1.1443014053511527
441 0.001 0.2054649385754601 0.4403412569882903 0.15429332165686394 0.17753803568039217 1.150652755245121 1.1400995626817962
442 0.001 0.2050566359248478 0.4384482770781801 0.15398670792198021 0.17677481867655748 1.1479875182871189 1.137791786057611
443 0.001 0.2047565433604177 0.43689761332632315 0.15376135424903012 0.17614961767134532 1.145603968771343 1.1357230606305428
444 0.001 0.2042450113367522 0.43708860517031667 0.1533772207048234 0.1762266223041737 1.1489751965405886 1.1386476649711066
445 0.001 0.20426292359479703 0.4348893770088864 0.15339067186496427 0.17533993126263067 1.143093834395544 1.1335394951905158
446 0.001 0.2037105892013642 0.43411540940272175 0.1529758978951622 0.17502788081017354 1.1441533157734696 1.1344617613983154
447 0.001 0.2033424352412112 0.43212756380647477 0.15269943370722353 0.1742264155902044 1.1409761736527155 1.1316933606152155
448 0.001 0.20284575600089738 0.43053498731126183 0.1523264538191835 0.17358431608636804 1.1395546323977208 1.1304520392090451
449 0.001 0.20246574562770547 0.4294465220321797 0.15204108609099415 0.17314546557102853 1.138807081839732 1.1297985994326658
450 0.001 0.2021842029353138 0.42839532608499553 0.1518296623926322 0.1727216414105247 1.1376014323463735 1.1287437688468733
451 0.001 0.20176431984873489 0.4265257998829384 0.15151435236170932 0.17196788053915787 1.1349939979852204 1.1264584332439467
